    lambda (um)	n_Ag	kappa_Ag    
    2.480e-06 1.003e+00 3.98e-12
    6.199e-06 9.980e-01 1.15e-10
    1.240e-05 9.990e-01 1.49e-09
    1.653e-05 1.000e+00 4.33e-09
    2.480e-05 1.003e+00 1.92e-08
    3.100e-05 1.003e+00 4.64e-08
    4.133e-05 1.000e+00 1.32e-07
    4.769e-05 1.001e+00 2.11e-07
    4.959e-05 1.001e+00 3.63e-08
    6.199e-05 9.990e-01 9.57e-08
    1.240e-04 9.990e-01 1.29e-06
    1.550e-04 1.000e+00 2.92e-06
    2.066e-04 1.002e+00 8.36e-06
    2.480e-04 1.001e+00 1.52e-05
    2.755e-04 1.001e+00 2.21e-05
    3.100e-04 1.003e+00 3.57e-05
    3.444e-04 1.003e+00 3.24e-05
    3.542e-04 1.003e+00 1.72e-05
    4.133e-04 1.001e+00 1.43e-05
    4.959e-04 1.001e+00 2.40e-05
    6.199e-04 1.001e+00 4.72e-05
    8.266e-04 9.990e-01 1.21e-04
    1.240e-03 9.980e-01 5.23e-04
    1.550e-03 9.970e-01 1.08e-03
    1.675e-03 9.980e-01 1.42e-03
    2.066e-03 9.970e-01 2.69e-03
    2.480e-03 9.970e-01 4.57e-03
    3.100e-03 9.980e-01 8.82e-03
    3.351e-03 1.007e+00 8.23e-03
    3.542e-03 1.001e+00 1.68e-03
    4.133e-03 9.960e-01 2.32e-03
    4.428e-03 9.940e-01 2.70e-03
    4.769e-03 9.920e-01 3.11e-03
    5.166e-03 9.890e-01 3.50e-03
    5.636e-03 9.870e-01 3.45e-03
    6.199e-03 9.820e-01 3.77e-03
    6.888e-03 9.780e-01 4.31e-03
    7.293e-03 9.730e-01 4.42e-03
    7.749e-03 9.680e-01 4.38e-03
    8.266e-03 9.630e-01 4.07e-03
    8.856e-03 9.550e-01 3.54e-03
    9.537e-03 9.430e-01 3.66e-03
    1.033e-02 9.260e-01 6.22e-03
    1.127e-02 9.020e-01 1.72e-02
    1.181e-02 8.900e-01 2.61e-02
    1.240e-02 8.760e-01 3.82e-02
    1.305e-02 8.610e-01 5.65e-02
    1.378e-02 8.490e-01 8.42e-02
    1.459e-02 8.460e-01 1.11e-01
    1.550e-02 8.480e-01 1.39e-01
    1.590e-02 8.510e-01 1.49e-01
    1.631e-02 8.530e-01 1.58e-01
    1.675e-02 8.530e-01 1.66e-01
    1.722e-02 8.510e-01 1.81e-01
    1.771e-02 8.590e-01 1.97e-01
    1.823e-02 8.710e-01 2.08e-01
    1.879e-02 8.830e-01 2.11e-01
    1.937e-02 8.850e-01 2.10e-01
    2.000e-02 8.810e-01 2.11e-01
    2.066e-02 8.730e-01 2.21e-01
    2.138e-02 8.680e-01 2.37e-01
    2.214e-02 8.710e-01 2.59e-01
    2.296e-02 8.850e-01 2.74e-01
    2.339e-02 8.900e-01 2.75e-01
    2.384e-02 8.890e-01 2.76e-01
    2.431e-02 8.860e-01 2.81e-01
    2.480e-02 8.840e-01 2.90e-01
    2.530e-02 8.850e-01 3.00e-01
    2.583e-02 8.880e-01 3.09e-01
    2.638e-02 8.930e-01 3.17e-01
    2.695e-02 8.960e-01 3.23e-01
    2.818e-02 8.990e-01 3.34e-01
    2.952e-02 8.970e-01 3.49e-01
    3.100e-02 8.960e-01 3.68e-01
    3.179e-02 8.950e-01 3.78e-01
    3.263e-02 8.920e-01 3.88e-01
    3.351e-02 8.850e-01 4.00e-01
    3.444e-02 8.760e-01 4.18e-01
    3.542e-02 8.650e-01 4.54e-01
    3.647e-02 8.790e-01 4.89e-01
    3.757e-02 8.990e-01 5.14e-01
    3.875e-02 9.210e-01 5.28e-01
    3.999e-02 9.320e-01 5.34e-01
    4.133e-02 9.300e-01 5.41e-01
    4.275e-02 9.190e-01 5.57e-01
    4.350e-02 9.110e-01 5.72e-01
    4.428e-02 9.020e-01 5.90e-01
    4.509e-02 8.910e-01 6.16e-01
    4.592e-02 8.860e-01 6.50e-01
    4.679e-02 8.890e-01 6.91e-01
    4.769e-02 8.970e-01 7.34e-01
    4.862e-02 9.130e-01 7.78e-01
    4.959e-02 9.470e-01 8.28e-01
    5.061e-02 9.890e-01 8.68e-01
    5.166e-02 1.039e+00 9.04e-01
    5.276e-02 1.104e+00 9.30e-01
    5.391e-02 1.175e+00 9.43e-01
    5.510e-02 1.262e+00 9.35e-01
    5.636e-02 1.338e+00 8.74e-01
    5.767e-02 1.368e+00 8.01e-01
    5.904e-02 1.346e+00 7.45e-01
    6.199e-02 1.290e+00 7.14e-01
    6.525e-02 1.266e+00 7.52e-01
    6.888e-02 1.281e+00 8.05e-01
    7.293e-02 1.330e+00 9.64e-01
    7.749e-02 1.421e+00 9.10e-01
    8.266e-02 1.660e+00 9.18e-01
    8.551e-02 1.644e+00 8.75e-01
    8.856e-02 1.720e+00 7.83e-01
    9.537e-02 1.655e+00 6.40e-01
    1.033e-01 1.608e+00 5.87e-01
    1.127e-01 1.545e+00 5.53e-01
    1.240e-01 1.462e+00 5.57e-01
    1.378e-01 1.326e+00 5.62e-01
    1.550e-01 1.160e+00 7.53e-01
    1.653e-01 1.142e+00 9.11e-01
    1.771e-01 1.178e+00 1.06e+00
    1.907e-01 1.254e+00 1.18e+00
    2.066e-01 1.339e+00 1.28e+00
    2.254e-01 1.446e+00 1.34e+00
    2.480e-01 1.549e+00 1.35e+00
    2.610e-01 1.612e+00 1.34e+00
    2.755e-01 1.694e+00 1.28e+00
    2.883e-01 1.729e+00 1.13e+00
    2.952e-01 1.752e+00 1.06e+00
    3.024e-01 1.729e+00 8.45e-01
    3.100e-01 1.615e+00 5.99e-01
    3.179e-01 1.295e+00 3.60e-01
    3.263e-01 7.270e-01 3.04e-01
    3.289e-01 5.270e-01 3.99e-01
    3.351e-01 3.000e-01 7.65e-01
    3.444e-01 2.300e-01 1.13e+00
    3.542e-01 2.110e-01 1.42e+00
    3.815e-01 2.290e-01 1.86e+00
    4.133e-01 2.260e-01 2.28e+00
    4.959e-01 2.370e-01 3.09e+00
    6.199e-01 2.690e-01 4.18e+00
    8.266e-01 2.710e-01 5.80e+00
    1.240e+00 2.780e-01 9.02e+00
    2.480e+00 6.690e-01 1.88e+01
    3.100e+00 9.090e-01 2.29e+01
    4.133e+00 1.411e+00 3.05e+01
    6.199e+00 2.842e+00 4.57e+01
    1.240e+01 9.936e+00 9.02e+01
    2.480e+01 3.670e+01 1.73e+02
    4.959e+01 1.180e+02 3.06e+02
    1.240e+02 3.090e+02 5.06e+02
    2.480e+02 5.310e+02 6.89e+02
