    lambda_um n_glass k_glass 
    0.31 4.996e-5
    0.32 1.375e-5
    0.33 6.281e-6
    0.34 2.713e-6
    0.35 1.118e-6
    0.36 5.419e-7
    0.37 4.061e-7
    0.38 5.936e-7
    0.39 2.828e-7
    0.40 2.047e-7
    0.41 2.182e-7
    0.42 2.279e-7
    0.43 2.397e-7
    0.44 2.342e-7
    0.45 1.925e-7
    0.46 1.669e-7
    0.47 1.700e-7
    0.48 1.683e-7
    0.49 1.554e-7
    0.50 1.492e-7
    0.51 1.499e-7
    0.52 1.582e-7
    0.53 1.769e-7
    0.54 1.988e-7
    0.55 2.200e-7
    0.56 2.529e-7
    0.57 3.051e-7
    0.58 3.563e-7
    0.59 4.003e-7
    0.60 4.548e-7
    0.61 5.217e-7
    0.62 5.972e-7
    0.63 6.913e-7
    0.64 7.754e-7
    0.65 8.371e-7
    0.66 9.108e-7
    0.67 1.009e-6
    0.68 1.097e-6
    0.69 1.159e-6
    0.70 1.234e-6
    0.71 1.349e-6
    0.72 1.466e-6
    0.73 1.585e-6
    0.74 1.706e-6
    0.75 1.830e-6
    0.76 1.956e-6
    0.77 2.085e-6
    0.78 2.214e-6
    0.79 2.345e-6
    0.80 2.477e-6
    0.81 2.617e-6
    0.82 2.755e-6
    0.83 2.890e-6
    0.84 3.022e-6
    0.85 3.150e-6
    0.86 3.274e-6
    0.87 3.394e-6
    0.88 3.510e-6
    0.89 3.621e-6
    0.90 3.727e-6
    0.91 3.817e-6
    0.92 3.906e-6
    0.93 3.995e-6
    0.94 4.083e-6
    0.95 4.170e-6
    0.96 4.261e-6
    0.97 4.349e-6
    0.98 4.433e-6
    0.99 4.514e-6
    1.00 4.591e-6
    1.10 5.111e-6
    1.20 5.374e-6
    1.30 5.353e-6
    1.40 4.939e-6
    1.50 4.234e-6
    1.60 3.675e-6
    1.70 3.656e-6
    1.80 3.920e-6
    1.90 4.190e-6
    2.00 4.423e-6
    2.10 4.476e-6
    2.20 5.373e-6
    2.30 5.082e-6
    2.40 5.372e-6
    2.50 6.324e-6
    2.60 6.883e-6
    2.70 1.020e-5
    2.80 6.495e-5
    2.90 7.931e-5
    3.00 7.432e-5
    3.10 7.424e-5
    3.20 8.187e-5
    3.30 9.341e-5
    3.40 9.958e-5
    3.50 1.065e-4
    3.60 1.073e-4
    3.70 1.049e-4
    3.80 1.029e-4
    3.90 1.033e-4
    4.00 1.060e-4
    4.10 1.222e-4
    4.20 1.435e-4
    4.30 1.781e-4
    4.40 2.247e-4
    4.50 2.978e-4
    4.60 7.437e-4
    5.0 1.397 0.003
    6.0 1.323 0.005
    7.0 1.152 0.008
    8.0 0.939 0.028
    8.2 0.822 0.061
    8.4 0.624 0.216
    8.5 0.613 0.354
    8.7 0.684 0.543
    9.0 0.736 0.759
    9.2 0.812 0.938
    9.4 0.971 1.123
    9.5 1.085 1.187
    9.6 1.209 1.232
    9.8 1.479 1.240
    10.0 1.707 1.123
    10.5 1.956 0.809
    11.0 1.994 0.485
    11.5 1.864 0.286
    12.0 1.733 0.222
    12.5 1.612 0.244
    13.0 1.606 0.306
    13.5 1.615 0.304
    14.0 1.615 0.280
    14.5 1.558 0.269
    15.0 1.554 0.299
    15.5 1.546 0.288
    16.0 1.511 0.278
    16.5 1.468 0.288
    17.0 1.433 0.309
    17.5 1.401 0.322
    18.0 1.328 0.329
    18.5 1.216 0.382
    19.0 1.108 0.521
    19.5 1.069 0.760
    20.0 1.177 0.966
    21.0 1.519 1.223
    22.0 1.931 1.216
    23.0 2.196 0.988
    24.0 2.263 0.746
    25.0 2.223 0.582
    27.0 2.139 0.462
    30.0 2.035 0.381
    35.0 1.960 0.421
    40.0 1.969 0.487
    45.0 2.033 0.538
    50.0 2.099 0.545
    60.0 2.199 0.536
    70.0 2.274 0.515
    80.0 2.333 0.493
    90.0 2.384 0.470
    100.0 2.426 0.445
    150.0 2.547 0.326
    200.0 2.592 0.242
    300.0 2.608 0.152
