wl	n
5.00	2.319172
5.01	2.315578
5.02	2.311971
5.03	2.308351
5.04	2.304719
5.05	2.301074
5.06	2.297415
5.07	2.293744
5.08	2.290060
5.09	2.286363
5.10	2.282653
5.11	2.278929
5.12	2.275192
5.13	2.271442
5.14	2.267678
5.15	2.263901
5.16	2.260111
5.17	2.256306
5.18	2.252489
5.19	2.248657
5.20	2.244812
5.21	2.240952
5.22	2.237079
5.23	2.233192
5.24	2.229290
5.25	2.225375
5.26	2.221445
5.27	2.217501
5.28	2.213543
5.29	2.209570
5.30	2.205582
5.31	2.201580
5.32	2.197563
5.33	2.193532
5.34	2.189486
5.35	2.185424
5.36	2.181348
5.37	2.177257
5.38	2.173150
5.39	2.169028
5.40	2.164891
5.41	2.160739
5.42	2.156571
5.43	2.152387
5.44	2.148188
5.45	2.143973
5.46	2.139742
5.47	2.135495
5.48	2.131232
5.49	2.126953
5.50	2.122658
5.51	2.118346
5.52	2.114018
5.53	2.109673
5.54	2.105312
5.55	2.100934
5.56	2.096540
5.57	2.092128
5.58	2.087699
5.59	2.083253
5.60	2.078790
5.61	2.074310
5.62	2.069812
5.63	2.065297
5.64	2.060763
5.65	2.056213
5.66	2.051644
5.67	2.047057
5.68	2.042452
5.69	2.037829
5.70	2.033187
5.71	2.028527
5.72	2.023849
5.73	2.019151
5.74	2.014435
5.75	2.009700
5.76	2.004945
5.77	2.000172
5.78	1.995379
5.79	1.990566
5.80	1.985734
5.81	1.980882
5.82	1.976010
5.83	1.971118
5.84	1.966206
5.85	1.961274
5.86	1.956321
5.87	1.951347
5.88	1.946353
5.89	1.941337
5.90	1.936301
5.91	1.931243
5.92	1.926164
5.93	1.921063
5.94	1.915940
5.95	1.910796
5.96	1.905629
5.97	1.900441
5.98	1.895229
5.99	1.889996
6.00	1.884739
6.01	1.879460
6.02	1.874157
6.03	1.868831
6.04	1.863481
6.05	1.858108
6.06	1.852711
6.07	1.847290
6.08	1.841844
6.09	1.836374
6.10	1.830880
6.11	1.825360
6.12	1.819815
6.13	1.814245
6.14	1.808650
6.15	1.803028
6.16	1.797381
6.17	1.791707
6.18	1.786007
6.19	1.780280
6.20	1.774527
6.21	1.768746
6.22	1.762937
6.23	1.757101
6.24	1.751237
6.25	1.745345
6.26	1.739424
6.27	1.733475
6.28	1.727497
6.29	1.721489
6.30	1.715452
6.31	1.709385
6.32	1.703288
6.33	1.697160
6.34	1.691002
6.35	1.684812
6.36	1.678592
6.37	1.672339
6.38	1.666055
6.39	1.659738
6.40	1.653389
6.41	1.647006
6.42	1.640591
6.43	1.634141
6.44	1.627658
6.45	1.621140
6.46	1.614587
6.47	1.608000
6.48	1.601376
6.49	1.594717
6.50	1.588021
6.51	1.581289
6.52	1.574520
6.53	1.567713
6.54	1.560867
6.55	1.553984
6.56	1.547062
6.57	1.540100
6.58	1.533098
6.59	1.526057
6.60	1.518974
6.61	1.511850
6.62	1.504685
6.63	1.497477
6.64	1.490226
6.65	1.482933
6.66	1.475595
6.67	1.468213
6.68	1.460786
6.69	1.453314
6.70	1.445795
6.71	1.438230
6.72	1.430617
6.73	1.422957
6.74	1.415248
6.75	1.407490
6.76	1.399682
6.77	1.391824
6.78	1.383915
6.79	1.375953
6.80	1.367940
6.81	1.359873
6.82	1.351752
6.83	1.343576
6.84	1.335345
6.85	1.327058
6.86	1.318714
6.87	1.310312
6.88	1.301851
6.89	1.293331
6.90	1.284751
6.91	1.276109
6.92	1.267406
6.93	1.258640
6.94	1.249811
6.95	1.240917
6.96	1.231957
6.97	1.222931
6.98	1.213838
6.99	1.204677
7.00	1.195446
7.01	1.186146
7.02	1.176775
7.03	1.167331
7.04	1.157816
7.05	1.148226
7.06	1.138562
7.07	1.128822
7.08	1.119006
7.09	1.109113
7.10	1.099142
7.11	1.089092
7.12	1.078963
7.13	1.068753
7.14	1.058462
7.15	1.048090
7.16	1.037636
7.17	1.027100
7.18	1.016481
7.19	1.005779
7.20	0.994995
7.21	0.984127
7.22	0.973177
7.23	0.962145
7.24	0.951032
7.25	0.939838
7.26	0.928566
7.27	0.917215
7.28	0.905789
7.29	0.894290
7.30	0.882720
7.31	0.871083
7.32	0.859382
7.33	0.847621
7.34	0.835806
7.35	0.823942
7.36	0.812035
7.37	0.800093
7.38	0.788122
7.39	0.776133
7.40	0.764135
7.41	0.752137
7.42	0.740151
7.43	0.728191
7.44	0.716268
7.45	0.704396
7.46	0.692591
7.47	0.680868
7.48	0.669242
7.49	0.657730
7.50	0.646347
7.51	0.635111
7.52	0.624037
7.53	0.613141
7.54	0.602438
7.55	0.591941
7.56	0.581664
7.57	0.571618
7.58	0.561814
7.59	0.552260
7.60	0.542963
7.61	0.533929
7.62	0.525161
7.63	0.516662
7.64	0.508432
7.65	0.500472
7.66	0.492778
7.67	0.485348
7.68	0.478178
7.69	0.471262
7.70	0.464595
7.71	0.458171
7.72	0.451982
7.73	0.446022
7.74	0.440282
7.75	0.434757
7.76	0.429437
7.77	0.424315
7.78	0.419384
7.79	0.414636
7.80	0.410064
7.81	0.405660
7.82	0.401418
7.83	0.397331
7.84	0.393391
7.85	0.389594
7.86	0.385932
7.87	0.382401
7.88	0.378994
7.89	0.375705
7.90	0.372531
7.91	0.369466
7.92	0.366506
7.93	0.363646
7.94	0.360881
7.95	0.358208
7.96	0.355624
7.97	0.353123
7.98	0.350704
7.99	0.348362
8.00	0.346095
8.01	0.343900
8.02	0.341773
8.03	0.339712
8.04	0.337714
8.05	0.335778
8.06	0.333900
8.07	0.332079
8.08	0.330312
8.09	0.328597
8.10	0.326933
8.11	0.325317
8.12	0.323749
8.13	0.322225
8.14	0.320745
8.15	0.319307
8.16	0.317910
8.17	0.316551
8.18	0.315231
8.19	0.313947
8.20	0.312699
8.21	0.311485
8.22	0.310305
8.23	0.309156
8.24	0.308038
8.25	0.306951
8.26	0.305893
8.27	0.304863
8.28	0.303860
8.29	0.302884
8.30	0.301934
8.31	0.301009
8.32	0.300108
8.33	0.299230
8.34	0.298376
8.35	0.297544
8.36	0.296733
8.37	0.295944
8.38	0.295175
8.39	0.294426
8.40	0.293696
8.41	0.292985
8.42	0.292293
8.43	0.291618
8.44	0.290961
8.45	0.290321
8.46	0.289697
8.47	0.289089
8.48	0.288497
8.49	0.287921
8.50	0.287359
8.51	0.286812
8.52	0.286279
8.53	0.285760
8.54	0.285255
8.55	0.284762
8.56	0.284283
8.57	0.283816
8.58	0.283362
8.59	0.282920
8.60	0.282489
8.61	0.282070
8.62	0.281662
8.63	0.281266
8.64	0.280880
8.65	0.280504
8.66	0.280139
8.67	0.279785
8.68	0.279439
8.69	0.279104
8.70	0.278778
8.71	0.278462
8.72	0.278154
8.73	0.277856
8.74	0.277566
8.75	0.277285
8.76	0.277012
8.77	0.276747
8.78	0.276491
8.79	0.276242
8.80	0.276001
8.81	0.275768
8.82	0.275542
8.83	0.275324
8.84	0.275113
8.85	0.274909
8.86	0.274712
8.87	0.274521
8.88	0.274338
8.89	0.274161
8.90	0.273990
8.91	0.273826
8.92	0.273668
8.93	0.273516
8.94	0.273370
8.95	0.273230
8.96	0.273096
8.97	0.272968
8.98	0.272845
8.99	0.272728
9.00	0.272616
9.01	0.272510
9.02	0.272409
9.03	0.272313
9.04	0.272222
9.05	0.272136
9.06	0.272055
9.07	0.271979
9.08	0.271908
9.09	0.271842
9.10	0.271780
9.11	0.271722
9.12	0.271670
9.13	0.271621
9.14	0.271578
9.15	0.271538
9.16	0.271503
9.17	0.271472
9.18	0.271444
9.19	0.271422
9.20	0.271403
9.21	0.271388
9.22	0.271377
9.23	0.271369
9.24	0.271366
9.25	0.271366
9.26	0.271370
9.27	0.271378
9.28	0.271389
9.29	0.271404
9.30	0.271422
9.31	0.271443
9.32	0.271469
9.33	0.271497
9.34	0.271529
9.35	0.271564
9.36	0.271602
9.37	0.271643
9.38	0.271688
9.39	0.271736
9.40	0.271787
9.41	0.271840
9.42	0.271897
9.43	0.271957
9.44	0.272020
9.45	0.272085
9.46	0.272154
9.47	0.272225
9.48	0.272299
9.49	0.272376
9.50	0.272455
9.51	0.272537
9.52	0.272622
9.53	0.272710
9.54	0.272800
9.55	0.272893
9.56	0.272988
9.57	0.273085
9.58	0.273186
9.59	0.273288
9.60	0.273393
9.61	0.273501
9.62	0.273611
9.63	0.273723
9.64	0.273838
9.65	0.273954
9.66	0.274074
9.67	0.274195
9.68	0.274319
9.69	0.274444
9.70	0.274572
9.71	0.274703
9.72	0.274835
9.73	0.274969
9.74	0.275106
9.75	0.275245
9.76	0.275385
9.77	0.275528
9.78	0.275673
9.79	0.275819
9.80	0.275968
9.81	0.276119
9.82	0.276271
9.83	0.276426
9.84	0.276582
9.85	0.276741
9.86	0.276901
9.87	0.277063
9.88	0.277227
9.89	0.277392
9.90	0.277560
9.91	0.277729
9.92	0.277900
9.93	0.278073
9.94	0.278248
9.95	0.278424
9.96	0.278602
9.97	0.278781
9.98	0.278963
9.99	0.279146
10.00	0.279330
10.01	0.279517
10.02	0.279705
10.03	0.279894
10.04	0.280085
10.05	0.280278
10.06	0.280472
10.07	0.280668
10.08	0.280865
10.09	0.281064
10.10	0.281265
10.11	0.281467
10.12	0.281670
10.13	0.281875
10.14	0.282081
10.15	0.282289
10.16	0.282498
10.17	0.282709
10.18	0.282921
10.19	0.283135
10.20	0.283350
10.21	0.283566
10.22	0.283784
10.23	0.284003
10.24	0.284223
10.25	0.284445
10.26	0.284668
10.27	0.284893
10.28	0.285118
10.29	0.285345
10.30	0.285574
10.31	0.285804
10.32	0.286035
10.33	0.286267
10.34	0.286500
10.35	0.286735
10.36	0.286971
10.37	0.287209
10.38	0.287447
10.39	0.287687
10.40	0.287928
10.41	0.288170
10.42	0.288413
10.43	0.288658
10.44	0.288904
10.45	0.289151
10.46	0.289399
10.47	0.289648
10.48	0.289898
10.49	0.290150
10.50	0.290403
10.51	0.290657
10.52	0.290911
10.53	0.291168
10.54	0.291425
10.55	0.291683
10.56	0.291942
10.57	0.292203
10.58	0.292465
10.59	0.292727
10.60	0.292991
10.61	0.293256
10.62	0.293522
10.63	0.293788
10.64	0.294056
10.65	0.294325
10.66	0.294595
10.67	0.294866
10.68	0.295139
10.69	0.295412
10.70	0.295686
10.71	0.295961
10.72	0.296237
10.73	0.296514
10.74	0.296792
10.75	0.297071
10.76	0.297351
10.77	0.297632
10.78	0.297914
10.79	0.298197
10.80	0.298481
10.81	0.298766
10.82	0.299052
10.83	0.299339
10.84	0.299626
10.85	0.299915
10.86	0.300204
10.87	0.300495
10.88	0.300786
10.89	0.301079
10.90	0.301372
10.91	0.301666
10.92	0.301961
10.93	0.302257
10.94	0.302554
10.95	0.302851
10.96	0.303150
10.97	0.303449
10.98	0.303750
10.99	0.304051
11.00	0.304353
11.01	0.304656
11.02	0.304960
11.03	0.305264
11.04	0.305570
11.05	0.305876
11.06	0.306183
11.07	0.306491
11.08	0.306800
11.09	0.307110
11.10	0.307420
11.11	0.307732
11.12	0.308044
11.13	0.308357
11.14	0.308670
11.15	0.308985
11.16	0.309300
11.17	0.309617
11.18	0.309934
11.19	0.310251
11.20	0.310570
11.21	0.310889
11.22	0.311209
11.23	0.311530
11.24	0.311852
11.25	0.312174
11.26	0.312498
11.27	0.312822
11.28	0.313147
11.29	0.313472
11.30	0.313798
11.31	0.314125
11.32	0.314453
11.33	0.314782
11.34	0.315111
11.35	0.315441
11.36	0.315772
11.37	0.316104
11.38	0.316436
11.39	0.316769
11.40	0.317103
11.41	0.317437
11.42	0.317772
11.43	0.318108
11.44	0.318445
11.45	0.318782
11.46	0.319120
11.47	0.319459
11.48	0.319798
11.49	0.320139
11.50	0.320480
11.51	0.320821
11.52	0.321163
11.53	0.321506
11.54	0.321850
11.55	0.322195
11.56	0.322540
11.57	0.322885
11.58	0.323232
11.59	0.323579
11.60	0.323927
11.61	0.324275
11.62	0.324624
11.63	0.324974
11.64	0.325325
11.65	0.325676
11.66	0.326028
11.67	0.326380
11.68	0.326734
11.69	0.327087
11.70	0.327442
11.71	0.327797
11.72	0.328153
11.73	0.328509
11.74	0.328866
11.75	0.329224
11.76	0.329582
11.77	0.329942
11.78	0.330301
11.79	0.330662
11.80	0.331022
11.81	0.331384
11.82	0.331746
11.83	0.332109
11.84	0.332473
11.85	0.332837
11.86	0.333202
11.87	0.333567
11.88	0.333933
11.89	0.334300
11.90	0.334667
11.91	0.335035
11.92	0.335403
11.93	0.335772
11.94	0.336142
11.95	0.336512
11.96	0.336883
11.97	0.337255
11.98	0.337627
11.99	0.338000
12.00	0.338373
12.01	0.338747
12.02	0.339121
12.03	0.339497
12.04	0.339872
12.05	0.340249
12.06	0.340626
12.07	0.341003
12.08	0.341381
12.09	0.341760
12.10	0.342139
12.11	0.342519
12.12	0.342899
12.13	0.343280
12.14	0.343662
12.15	0.344044
12.16	0.344427
12.17	0.344810
12.18	0.345194
12.19	0.345579
12.20	0.345964
12.21	0.346350
12.22	0.346736
12.23	0.347123
12.24	0.347510
12.25	0.347898
12.26	0.348286
12.27	0.348675
12.28	0.349065
12.29	0.349455
12.30	0.349846
12.31	0.350237
12.32	0.350629
12.33	0.351021
12.34	0.351414
12.35	0.351808
12.36	0.352202
12.37	0.352596
12.38	0.352992
12.39	0.353387
12.40	0.353784
12.41	0.354180
12.42	0.354578
12.43	0.354976
12.44	0.355374
12.45	0.355773
12.46	0.356172
12.47	0.356572
12.48	0.356973
12.49	0.357374
12.50	0.357776
12.51	0.358178
12.52	0.358581
12.53	0.358984
12.54	0.359388
12.55	0.359792
12.56	0.360197
12.57	0.360602
12.58	0.361008
12.59	0.361414
12.60	0.361821
12.61	0.362229
12.62	0.362637
12.63	0.363045
12.64	0.363454
12.65	0.363864
12.66	0.364274
12.67	0.364685
12.68	0.365096
12.69	0.365507
12.70	0.365919
12.71	0.366332
12.72	0.366745
12.73	0.367159
12.74	0.367573
12.75	0.367988
12.76	0.368403
12.77	0.368819
12.78	0.369235
12.79	0.369651
12.80	0.370069
12.81	0.370486
12.82	0.370905
12.83	0.371323
12.84	0.371743
12.85	0.372162
12.86	0.372583
12.87	0.373003
12.88	0.373424
12.89	0.373846
12.90	0.374268
12.91	0.374691
12.92	0.375114
12.93	0.375538
12.94	0.375962
12.95	0.376387
12.96	0.376812
12.97	0.377238
12.98	0.377664
12.99	0.378091
13.00	0.378518
13.01	0.378945
13.02	0.379373
13.03	0.379802
13.04	0.380231
13.05	0.380661
13.06	0.381091
13.07	0.381521
13.08	0.381952
13.09	0.382384
13.10	0.382816
13.11	0.383248
13.12	0.383681
13.13	0.384114
13.14	0.384548
13.15	0.384983
13.16	0.385417
13.17	0.385853
13.18	0.386289
13.19	0.386725
13.20	0.387162
13.21	0.387599
13.22	0.388036
13.23	0.388475
13.24	0.388913
13.25	0.389352
13.26	0.389792
13.27	0.390232
13.28	0.390672
13.29	0.391113
13.30	0.391555
13.31	0.391997
13.32	0.392439
13.33	0.392882
13.34	0.393325
13.35	0.393769
13.36	0.394213
13.37	0.394658
13.38	0.395103
13.39	0.395548
13.40	0.395994
13.41	0.396441
13.42	0.396888
13.43	0.397335
13.44	0.397783
13.45	0.398232
13.46	0.398680
13.47	0.399130
13.48	0.399579
13.49	0.400030
13.50	0.400480
13.51	0.400931
13.52	0.401383
13.53	0.401835
13.54	0.402287
13.55	0.402740
13.56	0.403193
13.57	0.403647
13.58	0.404101
13.59	0.404556
13.60	0.405011
13.61	0.405467
13.62	0.405923
13.63	0.406379
13.64	0.406836
13.65	0.407293
13.66	0.407751
13.67	0.408210
13.68	0.408668
13.69	0.409127
13.70	0.409587
13.71	0.410047
13.72	0.410507
13.73	0.410968
13.74	0.411430
13.75	0.411891
13.76	0.412354
13.77	0.412816
13.78	0.413279
13.79	0.413743
13.80	0.414207
13.81	0.414671
13.82	0.415136
13.83	0.415601
13.84	0.416067
13.85	0.416533
13.86	0.417000
13.87	0.417467
13.88	0.417934
13.89	0.418402
13.90	0.418871
13.91	0.419339
13.92	0.419809
13.93	0.420278
13.94	0.420748
13.95	0.421219
13.96	0.421690
13.97	0.422161
13.98	0.422633
13.99	0.423105
14.00	0.423578
14.01	0.424051
14.02	0.424524
14.03	0.424998
14.04	0.425472
14.05	0.425947
14.06	0.426422
14.07	0.426898
14.08	0.427374
14.09	0.427851
14.10	0.428327
14.11	0.428805
14.12	0.429283
14.13	0.429761
14.14	0.430239
14.15	0.430718
14.16	0.431198
14.17	0.431678
14.18	0.432158
14.19	0.432638
14.20	0.433120
14.21	0.433601
14.22	0.434083
14.23	0.434565
14.24	0.435048
14.25	0.435531
14.26	0.436015
14.27	0.436499
14.28	0.436984
14.29	0.437468
14.30	0.437954
14.31	0.438439
14.32	0.438926
14.33	0.439412
14.34	0.439899
14.35	0.440386
14.36	0.440874
14.37	0.441362
14.38	0.441851
14.39	0.442340
14.40	0.442829
14.41	0.443319
14.42	0.443809
14.43	0.444300
14.44	0.444791
14.45	0.445283
14.46	0.445775
14.47	0.446267
14.48	0.446760
14.49	0.447253
14.50	0.447746
14.51	0.448240
14.52	0.448735
14.53	0.449229
14.54	0.449724
14.55	0.450220
14.56	0.450716
14.57	0.451212
14.58	0.451709
14.59	0.452206
14.60	0.452704
14.61	0.453202
14.62	0.453700
14.63	0.454199
14.64	0.454698
14.65	0.455198
14.66	0.455698
14.67	0.456198
14.68	0.456699
14.69	0.457200
14.70	0.457702
14.71	0.458204
14.72	0.458707
14.73	0.459209
14.74	0.459713
14.75	0.460216
14.76	0.460720
14.77	0.461225
14.78	0.461730
14.79	0.462235
14.80	0.462740
14.81	0.463246
14.82	0.463753
14.83	0.464260
14.84	0.464767
14.85	0.465275
14.86	0.465783
14.87	0.466291
14.88	0.466800
14.89	0.467309
14.90	0.467819
14.91	0.468329
14.92	0.468839
14.93	0.469350
14.94	0.469861
14.95	0.470373
14.96	0.470885
14.97	0.471397
14.98	0.471910
14.99	0.472423
15.00	0.472936
15.01	0.473450
15.02	0.473965
15.03	0.474479
15.04	0.474994
15.05	0.475510
15.06	0.476026
15.07	0.476542
15.08	0.477059
15.09	0.477576
15.10	0.478093
15.11	0.478611
15.12	0.479129
15.13	0.479648
15.14	0.480167
15.15	0.480687
15.16	0.481206
15.17	0.481727
15.18	0.482247
15.19	0.482768
15.20	0.483289
15.21	0.483811
15.22	0.484333
15.23	0.484856
15.24	0.485379
15.25	0.485902
15.26	0.486426
15.27	0.486950
15.28	0.487474
15.29	0.487999
15.30	0.488524
15.31	0.489050
15.32	0.489576
15.33	0.490102
15.34	0.490629
15.35	0.491156
15.36	0.491683
15.37	0.492211
15.38	0.492740
15.39	0.493268
15.40	0.493797
15.41	0.494327
15.42	0.494857
15.43	0.495387
15.44	0.495917
15.45	0.496448
15.46	0.496980
15.47	0.497511
15.48	0.498043
15.49	0.498576
15.50	0.499109
15.51	0.499642
15.52	0.500176
15.53	0.500710
15.54	0.501244
15.55	0.501779
15.56	0.502314
15.57	0.502849
15.58	0.503385
15.59	0.503921
15.60	0.504458
15.61	0.504995
15.62	0.505532
15.63	0.506070
15.64	0.506608
15.65	0.507147
15.66	0.507686
15.67	0.508225
15.68	0.508765
15.69	0.509305
15.70	0.509845
15.71	0.510386
15.72	0.510927
15.73	0.511469
15.74	0.512011
15.75	0.512553
15.76	0.513096
15.77	0.513639
15.78	0.514182
15.79	0.514726
15.80	0.515270
15.81	0.515814
15.82	0.516359
15.83	0.516905
15.84	0.517450
15.85	0.517996
15.86	0.518543
15.87	0.519089
15.88	0.519636
15.89	0.520184
15.90	0.520732
15.91	0.521280
15.92	0.521829
15.93	0.522378
15.94	0.522927
15.95	0.523477
15.96	0.524027
15.97	0.524577
15.98	0.525128
15.99	0.525679
16.00	0.526231
16.01	0.526783
16.02	0.527335
16.03	0.527888
16.04	0.528441
16.05	0.528994
16.06	0.529548
16.07	0.530102
16.08	0.530657
16.09	0.531212
16.10	0.531767
16.11	0.532322
16.12	0.532878
16.13	0.533435
16.14	0.533991
16.15	0.534549
16.16	0.535106
16.17	0.535664
16.18	0.536222
16.19	0.536781
16.20	0.537339
16.21	0.537899
16.22	0.538458
16.23	0.539018
16.24	0.539579
16.25	0.540139
16.26	0.540701
16.27	0.541262
16.28	0.541824
16.29	0.542386
16.30	0.542949
16.31	0.543512
16.32	0.544075
16.33	0.544638
16.34	0.545202
16.35	0.545767
16.36	0.546332
16.37	0.546897
16.38	0.547462
16.39	0.548028
16.40	0.548594
16.41	0.549161
16.42	0.549728
16.43	0.550295
16.44	0.550862
16.45	0.551430
16.46	0.551999
16.47	0.552567
16.48	0.553136
16.49	0.553706
16.50	0.554276
16.51	0.554846
16.52	0.555416
16.53	0.555987
16.54	0.556558
16.55	0.557130
16.56	0.557702
16.57	0.558274
16.58	0.558847
16.59	0.559420
16.60	0.559993
16.61	0.560567
16.62	0.561141
16.63	0.561715
16.64	0.562290
16.65	0.562865
16.66	0.563441
16.67	0.564017
16.68	0.564593
16.69	0.565170
16.70	0.565747
16.71	0.566324
16.72	0.566901
16.73	0.567479
16.74	0.568058
16.75	0.568637
16.76	0.569216
16.77	0.569795
16.78	0.570375
16.79	0.570955
16.80	0.571535
16.81	0.572116
16.82	0.572698
16.83	0.573279
16.84	0.573861
16.85	0.574443
16.86	0.575026
16.87	0.575609
16.88	0.576192
16.89	0.576776
16.90	0.577360
16.91	0.577944
16.92	0.578529
16.93	0.579114
16.94	0.579699
16.95	0.580285
16.96	0.580871
16.97	0.581458
16.98	0.582045
16.99	0.582632
17.00	0.583219
17.01	0.583807
17.02	0.584396
17.03	0.584984
17.04	0.585573
17.05	0.586162
17.06	0.586752
17.07	0.587342
17.08	0.587932
17.09	0.588523
17.10	0.589114
17.11	0.589706
17.12	0.590297
17.13	0.590890
17.14	0.591482
17.15	0.592075
17.16	0.592668
17.17	0.593261
17.18	0.593855
17.19	0.594449
17.20	0.595044
17.21	0.595639
17.22	0.596234
17.23	0.596830
17.24	0.597426
17.25	0.598022
17.26	0.598619
17.27	0.599215
17.28	0.599813
17.29	0.600410
17.30	0.601008
17.31	0.601607
17.32	0.602206
17.33	0.602805
17.34	0.603404
17.35	0.604004
17.36	0.604604
17.37	0.605204
17.38	0.605805
17.39	0.606406
17.40	0.607008
17.41	0.607609
17.42	0.608212
17.43	0.608814
17.44	0.609417
17.45	0.610020
17.46	0.610624
17.47	0.611228
17.48	0.611832
17.49	0.612436
17.50	0.613041
17.51	0.613647
17.52	0.614252
17.53	0.614858
17.54	0.615464
17.55	0.616071
17.56	0.616678
17.57	0.617285
17.58	0.617893
17.59	0.618501
17.60	0.619109
17.61	0.619718
17.62	0.620327
17.63	0.620936
17.64	0.621546
17.65	0.622156
17.66	0.622767
17.67	0.623377
17.68	0.623988
17.69	0.624600
17.70	0.625212
17.71	0.625824
17.72	0.626436
17.73	0.627049
17.74	0.627662
17.75	0.628275
17.76	0.628889
17.77	0.629503
17.78	0.630118
17.79	0.630733
17.80	0.631348
17.81	0.631963
17.82	0.632579
17.83	0.633195
17.84	0.633812
17.85	0.634429
17.86	0.635046
17.87	0.635663
17.88	0.636281
17.89	0.636899
17.90	0.637518
17.91	0.638137
17.92	0.638756
17.93	0.639376
17.94	0.639995
17.95	0.640616
17.96	0.641236
17.97	0.641857
17.98	0.642478
17.99	0.643100
18.00	0.643722
18.01	0.644344
18.02	0.644967
18.03	0.645590
18.04	0.646213
18.05	0.646836
18.06	0.647460
18.07	0.648085
18.08	0.648709
18.09	0.649334
18.10	0.649959
18.11	0.650585
18.12	0.651211
18.13	0.651837
18.14	0.652464
18.15	0.653091
18.16	0.653718
18.17	0.654346
18.18	0.654974
18.19	0.655602
18.20	0.656231
18.21	0.656859
18.22	0.657489
18.23	0.658118
18.24	0.658748
18.25	0.659379
18.26	0.660009
18.27	0.660640
18.28	0.661271
18.29	0.661903
18.30	0.662535
18.31	0.663167
18.32	0.663800
18.33	0.664433
18.34	0.665066
18.35	0.665700
18.36	0.666334
18.37	0.666968
18.38	0.667602
18.39	0.668237
18.40	0.668873
18.41	0.669508
18.42	0.670144
18.43	0.670780
18.44	0.671417
18.45	0.672054
18.46	0.672691
18.47	0.673329
18.48	0.673966
18.49	0.674605
18.50	0.675243
18.51	0.675882
18.52	0.676521
18.53	0.677161
18.54	0.677801
18.55	0.678441
18.56	0.679082
18.57	0.679722
18.58	0.680364
18.59	0.681005
18.60	0.681647
18.61	0.682289
18.62	0.682932
18.63	0.683574
18.64	0.684218
18.65	0.684861
18.66	0.685505
18.67	0.686149
18.68	0.686793
18.69	0.687438
18.70	0.688083
18.71	0.688729
18.72	0.689375
18.73	0.690021
18.74	0.690667
18.75	0.691314
18.76	0.691961
18.77	0.692608
18.78	0.693256
18.79	0.693904
18.80	0.694552
18.81	0.695201
18.82	0.695850
18.83	0.696500
18.84	0.697149
18.85	0.697799
18.86	0.698450
18.87	0.699100
18.88	0.699751
18.89	0.700403
18.90	0.701054
18.91	0.701706
18.92	0.702358
18.93	0.703011
18.94	0.703664
18.95	0.704317
18.96	0.704971
18.97	0.705625
18.98	0.706279
18.99	0.706933
19.00	0.707588
19.01	0.708243
19.02	0.708899
19.03	0.709555
19.04	0.710211
19.05	0.710867
19.06	0.711524
19.07	0.712181
19.08	0.712839
19.09	0.713496
19.10	0.714154
19.11	0.714813
19.12	0.715472
19.13	0.716131
19.14	0.716790
19.15	0.717450
19.16	0.718110
19.17	0.718770
19.18	0.719431
19.19	0.720092
19.20	0.720753
19.21	0.721415
19.22	0.722076
19.23	0.722739
19.24	0.723401
19.25	0.724064
19.26	0.724727
19.27	0.725391
19.28	0.726055
19.29	0.726719
19.30	0.727383
19.31	0.728048
19.32	0.728713
19.33	0.729379
19.34	0.730044
19.35	0.730711
19.36	0.731377
19.37	0.732044
19.38	0.732711
19.39	0.733378
19.40	0.734046
19.41	0.734714
19.42	0.735382
19.43	0.736051
19.44	0.736719
19.45	0.737389
19.46	0.738058
19.47	0.738728
19.48	0.739398
19.49	0.740069
19.50	0.740740
19.51	0.741411
19.52	0.742082
19.53	0.742754
19.54	0.743426
19.55	0.744099
19.56	0.744771
19.57	0.745444
19.58	0.746118
19.59	0.746791
19.60	0.747465
19.61	0.748140
19.62	0.748814
19.63	0.749489
19.64	0.750164
19.65	0.750840
19.66	0.751516
19.67	0.752192
19.68	0.752868
19.69	0.753545
19.70	0.754222
19.71	0.754900
19.72	0.755578
19.73	0.756256
19.74	0.756934
19.75	0.757613
19.76	0.758292
19.77	0.758971
19.78	0.759651
19.79	0.760330
19.80	0.761011
19.81	0.761691
19.82	0.762372
19.83	0.763053
19.84	0.763735
19.85	0.764417
19.86	0.765099
19.87	0.765781
19.88	0.766464
19.89	0.767147
19.90	0.767830
19.91	0.768514
19.92	0.769198
19.93	0.769882
19.94	0.770567
19.95	0.771252
19.96	0.771937
19.97	0.772622
19.98	0.773308
19.99	0.773994
20.00	0.774681
20.01	0.775368
20.02	0.776055
20.03	0.776742
20.04	0.777430
20.05	0.778118
20.06	0.778806
20.07	0.779495
20.08	0.780183
20.09	0.780873
20.10	0.781562
20.11	0.782252
20.12	0.782942
20.13	0.783633
20.14	0.784323
20.15	0.785015
20.16	0.785706
20.17	0.786398
20.18	0.787090
20.19	0.787782
20.20	0.788474
20.21	0.789167
20.22	0.789861
20.23	0.790554
20.24	0.791248
20.25	0.791942
20.26	0.792636
20.27	0.793331
20.28	0.794026
20.29	0.794722
20.30	0.795417
20.31	0.796113
20.32	0.796810
20.33	0.797506
20.34	0.798203
20.35	0.798900
20.36	0.799598
20.37	0.800295
20.38	0.800993
20.39	0.801692
20.40	0.802391
20.41	0.803090
20.42	0.803789
20.43	0.804488
20.44	0.805188
20.45	0.805889
20.46	0.806589
20.47	0.807290
20.48	0.807991
20.49	0.808692
20.50	0.809394
20.51	0.810096
20.52	0.810799
20.53	0.811501
20.54	0.812204
20.55	0.812907
20.56	0.813611
20.57	0.814315
20.58	0.815019
20.59	0.815723
20.60	0.816428
20.61	0.817133
20.62	0.817838
20.63	0.818544
20.64	0.819250
20.65	0.819956
20.66	0.820663
20.67	0.821369
20.68	0.822077
20.69	0.822784
20.70	0.823492
20.71	0.824200
20.72	0.824908
20.73	0.825617
20.74	0.826326
20.75	0.827035
20.76	0.827744
20.77	0.828454
20.78	0.829164
20.79	0.829875
20.80	0.830585
20.81	0.831296
20.82	0.832008
20.83	0.832719
20.84	0.833431
20.85	0.834143
20.86	0.834856
20.87	0.835569
20.88	0.836282
20.89	0.836995
20.90	0.837709
20.91	0.838423
20.92	0.839137
20.93	0.839852
20.94	0.840566
20.95	0.841282
20.96	0.841997
20.97	0.842713
20.98	0.843429
20.99	0.844145
21.00	0.844862
21.01	0.845579
21.02	0.846296
21.03	0.847013
21.04	0.847731
21.05	0.848449
21.06	0.849168
21.07	0.849886
21.08	0.850605
21.09	0.851324
21.10	0.852044
21.11	0.852764
21.12	0.853484
21.13	0.854204
21.14	0.854925
21.15	0.855646
21.16	0.856367
21.17	0.857089
21.18	0.857811
21.19	0.858533
21.20	0.859256
21.21	0.859978
21.22	0.860701
21.23	0.861425
21.24	0.862148
21.25	0.862872
21.26	0.863597
21.27	0.864321
21.28	0.865046
21.29	0.865771
21.30	0.866496
21.31	0.867222
21.32	0.867948
21.33	0.868674
21.34	0.869401
21.35	0.870127
21.36	0.870855
21.37	0.871582
21.38	0.872310
21.39	0.873038
21.40	0.873766
21.41	0.874494
21.42	0.875223
21.43	0.875952
21.44	0.876682
21.45	0.877411
21.46	0.878141
21.47	0.878872
21.48	0.879602
21.49	0.880333
21.50	0.881064
21.51	0.881796
21.52	0.882527
21.53	0.883259
21.54	0.883992
21.55	0.884724
21.56	0.885457
21.57	0.886190
21.58	0.886923
21.59	0.887657
21.60	0.888391
21.61	0.889125
21.62	0.889860
21.63	0.890595
21.64	0.891330
21.65	0.892065
21.66	0.892801
21.67	0.893537
21.68	0.894273
21.69	0.895010
21.70	0.895746
21.71	0.896483
21.72	0.897221
21.73	0.897959
21.74	0.898696
21.75	0.899435
21.76	0.900173
21.77	0.900912
21.78	0.901651
21.79	0.902390
21.80	0.903130
21.81	0.903870
21.82	0.904610
21.83	0.905350
21.84	0.906091
21.85	0.906832
21.86	0.907574
21.87	0.908315
21.88	0.909057
21.89	0.909799
21.90	0.910542
21.91	0.911284
21.92	0.912027
21.93	0.912770
21.94	0.913514
21.95	0.914258
21.96	0.915002
21.97	0.915746
21.98	0.916491
21.99	0.917236
22.00	0.917981
22.01	0.918726
22.02	0.919472
22.03	0.920218
22.04	0.920965
22.05	0.921711
22.06	0.922458
22.07	0.923205
22.08	0.923952
22.09	0.924700
22.10	0.925448
22.11	0.926196
22.12	0.926945
22.13	0.927694
22.14	0.928443
22.15	0.929192
22.16	0.929942
22.17	0.930691
22.18	0.931442
22.19	0.932192
22.20	0.932943
22.21	0.933694
22.22	0.934445
22.23	0.935196
22.24	0.935948
22.25	0.936700
22.26	0.937453
22.27	0.938205
22.28	0.938958
22.29	0.939711
22.30	0.940465
22.31	0.941218
22.32	0.941972
22.33	0.942726
22.34	0.943481
22.35	0.944236
22.36	0.944991
22.37	0.945746
22.38	0.946502
22.39	0.947258
22.40	0.948014
22.41	0.948770
22.42	0.949527
22.43	0.950284
22.44	0.951041
22.45	0.951798
22.46	0.952556
22.47	0.953314
22.48	0.954072
22.49	0.954831
22.50	0.955589
22.51	0.956349
22.52	0.957108
22.53	0.957867
22.54	0.958627
22.55	0.959387
22.56	0.960148
22.57	0.960908
22.58	0.961669
22.59	0.962431
22.60	0.963192
22.61	0.963954
22.62	0.964716
22.63	0.965478
22.64	0.966240
22.65	0.967003
22.66	0.967766
22.67	0.968530
22.68	0.969293
22.69	0.970057
22.70	0.970821
22.71	0.971585
22.72	0.972350
22.73	0.973115
22.74	0.973880
22.75	0.974645
22.76	0.975411
22.77	0.976177
22.78	0.976943
22.79	0.977710
22.80	0.978476
22.81	0.979243
22.82	0.980010
22.83	0.980778
22.84	0.981546
22.85	0.982314
22.86	0.983082
22.87	0.983850
22.88	0.984619
22.89	0.985388
22.90	0.986157
22.91	0.986927
22.92	0.987697
22.93	0.988467
22.94	0.989237
22.95	0.990008
22.96	0.990779
22.97	0.991550
22.98	0.992321
22.99	0.993093
23.00	0.993864
23.01	0.994637
23.02	0.995409
23.03	0.996182
23.04	0.996954
23.05	0.997728
23.06	0.998501
23.07	0.999275
23.08	1.000048
23.09	1.000823
23.10	1.001597
23.11	1.002372
23.12	1.003147
23.13	1.003922
23.14	1.004697
23.15	1.005473
23.16	1.006249
23.17	1.007025
23.18	1.007801
23.19	1.008578
23.20	1.009355
23.21	1.010132
23.22	1.010909
23.23	1.011687
23.24	1.012465
23.25	1.013243
23.26	1.014022
23.27	1.014800
23.28	1.015579
23.29	1.016358
23.30	1.017138
23.31	1.017917
23.32	1.018697
23.33	1.019477
23.34	1.020258
23.35	1.021038
23.36	1.021819
23.37	1.022600
23.38	1.023382
23.39	1.024163
23.40	1.024945
23.41	1.025727
23.42	1.026510
23.43	1.027292
23.44	1.028075
23.45	1.028858
23.46	1.029642
23.47	1.030425
23.48	1.031209
23.49	1.031993
23.50	1.032777
23.51	1.033562
23.52	1.034347
23.53	1.035132
23.54	1.035917
23.55	1.036703
23.56	1.037488
23.57	1.038274
23.58	1.039061
23.59	1.039847
23.60	1.040634
23.61	1.041421
23.62	1.042208
23.63	1.042995
23.64	1.043783
23.65	1.044571
23.66	1.045359
23.67	1.046148
23.68	1.046936
23.69	1.047725
23.70	1.048514
23.71	1.049304
23.72	1.050093
23.73	1.050883
23.74	1.051673
23.75	1.052463
23.76	1.053254
23.77	1.054045
23.78	1.054835
23.79	1.055627
23.80	1.056418
23.81	1.057210
23.82	1.058002
23.83	1.058794
23.84	1.059586
23.85	1.060379
23.86	1.061172
23.87	1.061965
23.88	1.062758
23.89	1.063552
23.90	1.064346
23.91	1.065140
23.92	1.065934
23.93	1.066728
23.94	1.067523
23.95	1.068318
23.96	1.069113
23.97	1.069908
23.98	1.070704
23.99	1.071500
24.00	1.072296
24.01	1.073092
24.02	1.073889
24.03	1.074685
24.04	1.075482
24.05	1.076280
24.06	1.077077
24.07	1.077875
24.08	1.078673
24.09	1.079471
24.10	1.080269
24.11	1.081068
24.12	1.081866
24.13	1.082665
24.14	1.083465
24.15	1.084264
24.16	1.085064
24.17	1.085864
24.18	1.086664
24.19	1.087464
24.20	1.088264
24.21	1.089065
24.22	1.089866
24.23	1.090667
24.24	1.091469
24.25	1.092271
24.26	1.093072
24.27	1.093874
24.28	1.094677
24.29	1.095479
24.30	1.096282
24.31	1.097085
24.32	1.097888
24.33	1.098692
24.34	1.099495
24.35	1.100299
24.36	1.101103
24.37	1.101907
24.38	1.102712
24.39	1.103516
24.40	1.104321
24.41	1.105126
24.42	1.105932
24.43	1.106737
24.44	1.107543
24.45	1.108349
24.46	1.109155
24.47	1.109961
24.48	1.110768
24.49	1.111575
24.50	1.112382
24.51	1.113189
24.52	1.113996
24.53	1.114804
24.54	1.115612
24.55	1.116420
24.56	1.117228
24.57	1.118037
24.58	1.118845
24.59	1.119654
24.60	1.120463
24.61	1.121273
24.62	1.122082
24.63	1.122892
24.64	1.123702
24.65	1.124512
24.66	1.125322
24.67	1.126133
24.68	1.126943
24.69	1.127754
24.70	1.128565
24.71	1.129377
24.72	1.130188
24.73	1.131000
24.74	1.131812
24.75	1.132624
24.76	1.133436
24.77	1.134249
24.78	1.135061
24.79	1.135874
24.80	1.136687
24.81	1.137501
24.82	1.138314
24.83	1.139128
24.84	1.139942
24.85	1.140756
24.86	1.141570
24.87	1.142385
24.88	1.143199
24.89	1.144014
24.90	1.144829
24.91	1.145644
24.92	1.146460
24.93	1.147276
24.94	1.148091
24.95	1.148907
24.96	1.149724
24.97	1.150540
24.98	1.151357
24.99	1.152173
25.00	1.152990
25.01	1.153807
25.02	1.154625
25.03	1.155442
25.04	1.156260
25.05	1.157078
25.06	1.157896
25.07	1.158714
25.08	1.159533
25.09	1.160351
25.10	1.161170
25.11	1.161989
25.12	1.162808
25.13	1.163628
25.14	1.164447
25.15	1.165267
25.16	1.166087
25.17	1.166907
25.18	1.167727
25.19	1.168548
25.20	1.169368
25.21	1.170189
25.22	1.171010
25.23	1.171831
25.24	1.172653
25.25	1.173474
25.26	1.174296
25.27	1.175118
25.28	1.175940
25.29	1.176762
25.30	1.177584
25.31	1.178407
25.32	1.179230
25.33	1.180053
25.34	1.180876
25.35	1.181699
25.36	1.182522
25.37	1.183346
25.38	1.184170
25.39	1.184994
25.40	1.185818
25.41	1.186642
25.42	1.187466
25.43	1.188291
25.44	1.189116
25.45	1.189941
25.46	1.190766
25.47	1.191591
25.48	1.192416
25.49	1.193242
25.50	1.194068
25.51	1.194893
25.52	1.195720
25.53	1.196546
25.54	1.197372
25.55	1.198199
25.56	1.199025
25.57	1.199852
25.58	1.200679
25.59	1.201506
25.60	1.202334
25.61	1.203161
25.62	1.203989
25.63	1.204817
25.64	1.205645
25.65	1.206473
25.66	1.207301
25.67	1.208129
25.68	1.208958
25.69	1.209787
25.70	1.210616
25.71	1.211445
25.72	1.212274
25.73	1.213103
25.74	1.213932
25.75	1.214762
25.76	1.215592
25.77	1.216422
25.78	1.217252
25.79	1.218082
25.80	1.218912
25.81	1.219743
25.82	1.220573
25.83	1.221404
25.84	1.222235
25.85	1.223066
25.86	1.223897
25.87	1.224728
25.88	1.225560
25.89	1.226392
25.90	1.227223
25.91	1.228055
25.92	1.228887
25.93	1.229719
25.94	1.230552
25.95	1.231384
25.96	1.232216
25.97	1.233049
25.98	1.233882
25.99	1.234715
26.00	1.235548
26.01	1.236381
26.02	1.237214
26.03	1.238048
26.04	1.238881
26.05	1.239715
26.06	1.240549
26.07	1.241383
26.08	1.242217
26.09	1.243051
26.10	1.243885
26.11	1.244720
26.12	1.245554
26.13	1.246389
26.14	1.247224
26.15	1.248059
26.16	1.248894
26.17	1.249729
26.18	1.250564
26.19	1.251400
26.20	1.252235
26.21	1.253071
26.22	1.253907
26.23	1.254742
26.24	1.255578
26.25	1.256414
26.26	1.257251
26.27	1.258087
26.28	1.258923
26.29	1.259760
26.30	1.260596
26.31	1.261433
26.32	1.262270
26.33	1.263107
26.34	1.263944
26.35	1.264781
26.36	1.265618
26.37	1.266456
26.38	1.267293
26.39	1.268131
26.40	1.268968
26.41	1.269806
26.42	1.270644
26.43	1.271482
26.44	1.272320
26.45	1.273158
26.46	1.273996
26.47	1.274834
26.48	1.275673
26.49	1.276511
26.50	1.277350
26.51	1.278188
26.52	1.279027
26.53	1.279866
26.54	1.280705
26.55	1.281544
26.56	1.282383
26.57	1.283222
26.58	1.284061
26.59	1.284901
26.60	1.285740
26.61	1.286580
26.62	1.287419
26.63	1.288259
26.64	1.289098
26.65	1.289938
26.66	1.290778
26.67	1.291618
26.68	1.292458
26.69	1.293298
26.70	1.294138
26.71	1.294978
26.72	1.295819
26.73	1.296659
26.74	1.297500
26.75	1.298340
26.76	1.299181
26.77	1.300021
26.78	1.300862
26.79	1.301703
26.80	1.302543
26.81	1.303384
26.82	1.304225
26.83	1.305066
26.84	1.305907
26.85	1.306748
26.86	1.307589
26.87	1.308430
26.88	1.309272
26.89	1.310113
26.90	1.310954
26.91	1.311796
26.92	1.312637
26.93	1.313479
26.94	1.314320
26.95	1.315162
26.96	1.316003
26.97	1.316845
26.98	1.317686
26.99	1.318528
27.00	1.319370
27.01	1.320212
27.02	1.321054
27.03	1.321895
27.04	1.322737
27.05	1.323579
27.06	1.324421
27.07	1.325263
27.08	1.326105
27.09	1.326947
27.10	1.327789
27.11	1.328631
27.12	1.329473
27.13	1.330315
27.14	1.331158
27.15	1.332000
27.16	1.332842
27.17	1.333684
27.18	1.334526
27.19	1.335369
27.20	1.336211
27.21	1.337053
27.22	1.337895
27.23	1.338737
27.24	1.339580
27.25	1.340422
27.26	1.341264
27.27	1.342107
27.28	1.342949
27.29	1.343791
27.30	1.344633
27.31	1.345476
27.32	1.346318
27.33	1.347160
27.34	1.348002
27.35	1.348845
27.36	1.349687
27.37	1.350529
27.38	1.351371
27.39	1.352213
27.40	1.353056
27.41	1.353898
27.42	1.354740
27.43	1.355582
27.44	1.356424
27.45	1.357266
27.46	1.358108
27.47	1.358950
27.48	1.359792
27.49	1.360634
27.50	1.361476
27.51	1.362318
27.52	1.363160
27.53	1.364002
27.54	1.364843
27.55	1.365685
27.56	1.366527
27.57	1.367369
27.58	1.368210
27.59	1.369052
27.60	1.369893
27.61	1.370735
27.62	1.371576
27.63	1.372417
27.64	1.373259
27.65	1.374100
27.66	1.374941
27.67	1.375782
27.68	1.376623
27.69	1.377464
27.70	1.378305
27.71	1.379146
27.72	1.379987
27.73	1.380828
27.74	1.381669
27.75	1.382509
27.76	1.383350
27.77	1.384190
27.78	1.385030
27.79	1.385871
27.80	1.386711
27.81	1.387551
27.82	1.388391
27.83	1.389231
27.84	1.390071
27.85	1.390911
27.86	1.391750
27.87	1.392590
27.88	1.393429
27.89	1.394269
27.90	1.395108
27.91	1.395947
27.92	1.396786
27.93	1.397625
27.94	1.398464
27.95	1.399302
27.96	1.400141
27.97	1.400980
27.98	1.401818
27.99	1.402656
28.00	1.403494
28.01	1.404332
28.02	1.405170
28.03	1.406008
28.04	1.406845
28.05	1.407683
28.06	1.408520
28.07	1.409357
28.08	1.410194
28.09	1.411031
28.10	1.411868
28.11	1.412705
28.12	1.413541
28.13	1.414378
28.14	1.415214
28.15	1.416050
28.16	1.416886
28.17	1.417721
28.18	1.418557
28.19	1.419392
28.20	1.420227
28.21	1.421062
28.22	1.421897
28.23	1.422732
28.24	1.423566
28.25	1.424401
28.26	1.425235
28.27	1.426069
28.28	1.426902
28.29	1.427736
28.30	1.428569
28.31	1.429402
28.32	1.430235
28.33	1.431068
28.34	1.431901
28.35	1.432733
28.36	1.433565
28.37	1.434397
28.38	1.435229
28.39	1.436060
28.40	1.436892
28.41	1.437723
28.42	1.438554
28.43	1.439384
28.44	1.440215
28.45	1.441045
28.46	1.441875
28.47	1.442704
28.48	1.443534
28.49	1.444363
28.50	1.445192
28.51	1.446020
28.52	1.446849
28.53	1.447677
28.54	1.448505
28.55	1.449333
28.56	1.450160
28.57	1.450987
28.58	1.451814
28.59	1.452640
28.60	1.453467
28.61	1.454293
28.62	1.455118
28.63	1.455944
28.64	1.456769
28.65	1.457594
28.66	1.458418
28.67	1.459243
28.68	1.460067
28.69	1.460890
28.70	1.461714
28.71	1.462537
28.72	1.463359
28.73	1.464182
28.74	1.465004
28.75	1.465825
28.76	1.466647
28.77	1.467468
28.78	1.468289
28.79	1.469109
28.80	1.469929
28.81	1.470749
28.82	1.471568
28.83	1.472387
28.84	1.473206
28.85	1.474024
28.86	1.474842
28.87	1.475659
28.88	1.476476
28.89	1.477293
28.90	1.478110
28.91	1.478926
28.92	1.479741
28.93	1.480556
28.94	1.481371
28.95	1.482186
28.96	1.483000
28.97	1.483813
28.98	1.484626
28.99	1.485439
29.00	1.486252
29.01	1.487064
29.02	1.487875
29.03	1.488686
29.04	1.489497
29.05	1.490307
29.06	1.491117
29.07	1.491926
29.08	1.492735
29.09	1.493543
29.10	1.494351
29.11	1.495159
29.12	1.495966
29.13	1.496772
29.14	1.497578
29.15	1.498384
29.16	1.499189
29.17	1.499993
29.18	1.500797
29.19	1.501601
29.20	1.502404
29.21	1.503206
29.22	1.504008
29.23	1.504810
29.24	1.505611
29.25	1.506411
29.26	1.507211
29.27	1.508011
29.28	1.508810
29.29	1.509608
29.30	1.510406
29.31	1.511203
29.32	1.511999
29.33	1.512795
29.34	1.513591
29.35	1.514386
29.36	1.515180
29.37	1.515974
29.38	1.516767
29.39	1.517559
29.40	1.518351
29.41	1.519142
29.42	1.519933
29.43	1.520723
29.44	1.521513
29.45	1.522301
29.46	1.523089
29.47	1.523877
29.48	1.524664
29.49	1.525450
29.50	1.526236
29.51	1.527020
29.52	1.527805
29.53	1.528588
29.54	1.529371
29.55	1.530153
29.56	1.530935
29.57	1.531715
29.58	1.532496
29.59	1.533275
29.60	1.534054
29.61	1.534831
29.62	1.535609
29.63	1.536385
29.64	1.537161
29.65	1.537936
29.66	1.538710
29.67	1.539483
29.68	1.540256
29.69	1.541028
29.70	1.541799
29.71	1.542569
29.72	1.543339
29.73	1.544108
29.74	1.544876
29.75	1.545643
29.76	1.546409
29.77	1.547175
29.78	1.547939
29.79	1.548703
29.80	1.549466
29.81	1.550229
29.82	1.550990
29.83	1.551750
29.84	1.552510
29.85	1.553269
29.86	1.554026
29.87	1.554783
29.88	1.555539
29.89	1.556295
29.90	1.557049
29.91	1.557802
29.92	1.558554
29.93	1.559306
29.94	1.560056
29.95	1.560806
29.96	1.561555
29.97	1.562302
29.98	1.563049
29.99	1.563795
30.00	1.564540

wl	k
5.00	0.040498
5.01	0.040804
5.02	0.041112
5.03	0.041423
5.04	0.041736
5.05	0.042051
5.06	0.042368
5.07	0.042688
5.08	0.043010
5.09	0.043334
5.10	0.043660
5.11	0.043989
5.12	0.044320
5.13	0.044653
5.14	0.044989
5.15	0.045327
5.16	0.045668
5.17	0.046011
5.18	0.046357
5.19	0.046705
5.20	0.047055
5.21	0.047408
5.22	0.047764
5.23	0.048122
5.24	0.048483
5.25	0.048846
5.26	0.049213
5.27	0.049581
5.28	0.049953
5.29	0.050327
5.30	0.050704
5.31	0.051084
5.32	0.051467
5.33	0.051852
5.34	0.052240
5.35	0.052631
5.36	0.053026
5.37	0.053423
5.38	0.053823
5.39	0.054226
5.40	0.054632
5.41	0.055041
5.42	0.055453
5.43	0.055869
5.44	0.056287
5.45	0.056709
5.46	0.057134
5.47	0.057562
5.48	0.057993
5.49	0.058428
5.50	0.058867
5.51	0.059308
5.52	0.059753
5.53	0.060202
5.54	0.060654
5.55	0.061109
5.56	0.061568
5.57	0.062031
5.58	0.062498
5.59	0.062968
5.60	0.063441
5.61	0.063919
5.62	0.064401
5.63	0.064886
5.64	0.065375
5.65	0.065868
5.66	0.066366
5.67	0.066867
5.68	0.067372
5.69	0.067882
5.70	0.068395
5.71	0.068913
5.72	0.069435
5.73	0.069962
5.74	0.070493
5.75	0.071028
5.76	0.071568
5.77	0.072112
5.78	0.072661
5.79	0.073215
5.80	0.073773
5.81	0.074337
5.82	0.074905
5.83	0.075477
5.84	0.076055
5.85	0.076638
5.86	0.077226
5.87	0.077819
5.88	0.078418
5.89	0.079021
5.90	0.079630
5.91	0.080245
5.92	0.080864
5.93	0.081490
5.94	0.082121
5.95	0.082758
5.96	0.083401
5.97	0.084049
5.98	0.084704
5.99	0.085364
6.00	0.086031
6.01	0.086704
6.02	0.087383
6.03	0.088068
6.04	0.088760
6.05	0.089459
6.06	0.090164
6.07	0.090876
6.08	0.091595
6.09	0.092321
6.10	0.093054
6.11	0.093795
6.12	0.094542
6.13	0.095297
6.14	0.096059
6.15	0.096829
6.16	0.097607
6.17	0.098393
6.18	0.099187
6.19	0.099989
6.20	0.100799
6.21	0.101617
6.22	0.102444
6.23	0.103280
6.24	0.104124
6.25	0.104978
6.26	0.105841
6.27	0.106713
6.28	0.107594
6.29	0.108485
6.30	0.109386
6.31	0.110296
6.32	0.111217
6.33	0.112148
6.34	0.113089
6.35	0.114042
6.36	0.115005
6.37	0.115979
6.38	0.116964
6.39	0.117961
6.40	0.118969
6.41	0.119990
6.42	0.121022
6.43	0.122067
6.44	0.123125
6.45	0.124195
6.46	0.125279
6.47	0.126376
6.48	0.127487
6.49	0.128611
6.50	0.129750
6.51	0.130903
6.52	0.132071
6.53	0.133255
6.54	0.134453
6.55	0.135668
6.56	0.136899
6.57	0.138146
6.58	0.139410
6.59	0.140691
6.60	0.141990
6.61	0.143307
6.62	0.144642
6.63	0.145996
6.64	0.147370
6.65	0.148763
6.66	0.150177
6.67	0.151611
6.68	0.153067
6.69	0.154544
6.70	0.156043
6.71	0.157566
6.72	0.159112
6.73	0.160682
6.74	0.162276
6.75	0.163896
6.76	0.165542
6.77	0.167215
6.78	0.168915
6.79	0.170643
6.80	0.172400
6.81	0.174187
6.82	0.176005
6.83	0.177854
6.84	0.179735
6.85	0.181650
6.86	0.183599
6.87	0.185584
6.88	0.187604
6.89	0.189663
6.90	0.191760
6.91	0.193897
6.92	0.196075
6.93	0.198295
6.94	0.200559
6.95	0.202869
6.96	0.205225
6.97	0.207630
6.98	0.210085
6.99	0.212591
7.00	0.215151
7.01	0.217766
7.02	0.220438
7.03	0.223170
7.04	0.225963
7.05	0.228819
7.06	0.231742
7.07	0.234734
7.08	0.237796
7.09	0.240932
7.10	0.244145
7.11	0.247438
7.12	0.250813
7.13	0.254275
7.14	0.257825
7.15	0.261469
7.16	0.265210
7.17	0.269052
7.18	0.272998
7.19	0.277054
7.20	0.281224
7.21	0.285512
7.22	0.289924
7.23	0.294465
7.24	0.299140
7.25	0.303955
7.26	0.308916
7.27	0.314029
7.28	0.319301
7.29	0.324737
7.30	0.330345
7.31	0.336132
7.32	0.342105
7.33	0.348271
7.34	0.354637
7.35	0.361211
7.36	0.368001
7.37	0.375014
7.38	0.382257
7.39	0.389737
7.40	0.397461
7.41	0.405435
7.42	0.413666
7.43	0.422157
7.44	0.430914
7.45	0.439940
7.46	0.449238
7.47	0.458807
7.48	0.468649
7.49	0.478761
7.50	0.489140
7.51	0.499781
7.52	0.510678
7.53	0.521823
7.54	0.533206
7.55	0.544816
7.56	0.556641
7.57	0.568667
7.58	0.580880
7.59	0.593264
7.60	0.605802
7.61	0.618480
7.62	0.631280
7.63	0.644185
7.64	0.657181
7.65	0.670251
7.66	0.683379
7.67	0.696553
7.68	0.709758
7.69	0.722981
7.70	0.736211
7.71	0.749437
7.72	0.762649
7.73	0.775837
7.74	0.788994
7.75	0.802113
7.76	0.815186
7.77	0.828208
7.78	0.841175
7.79	0.854081
7.80	0.866923
7.81	0.879697
7.82	0.892401
7.83	0.905033
7.84	0.917591
7.85	0.930072
7.86	0.942477
7.87	0.954804
7.88	0.967052
7.89	0.979221
7.90	0.991311
7.91	1.003322
7.92	1.015254
7.93	1.027107
7.94	1.038881
7.95	1.050578
7.96	1.062198
7.97	1.073741
7.98	1.085209
7.99	1.096601
8.00	1.107919
8.01	1.119164
8.02	1.130337
8.03	1.141438
8.04	1.152468
8.05	1.163429
8.06	1.174322
8.07	1.185147
8.08	1.195906
8.09	1.206599
8.10	1.217227
8.11	1.227792
8.12	1.238294
8.13	1.248735
8.14	1.259115
8.15	1.269435
8.16	1.279696
8.17	1.289900
8.18	1.300047
8.19	1.310138
8.20	1.320173
8.21	1.330155
8.22	1.340083
8.23	1.349958
8.24	1.359782
8.25	1.369555
8.26	1.379277
8.27	1.388951
8.28	1.398576
8.29	1.408153
8.30	1.417683
8.31	1.427167
8.32	1.436605
8.33	1.445998
8.34	1.455348
8.35	1.464653
8.36	1.473916
8.37	1.483137
8.38	1.492316
8.39	1.501454
8.40	1.510552
8.41	1.519610
8.42	1.528628
8.43	1.537609
8.44	1.546551
8.45	1.555455
8.46	1.564323
8.47	1.573154
8.48	1.581950
8.49	1.590710
8.50	1.599435
8.51	1.608126
8.52	1.616783
8.53	1.625406
8.54	1.633996
8.55	1.642554
8.56	1.651080
8.57	1.659574
8.58	1.668036
8.59	1.676468
8.60	1.684870
8.61	1.693241
8.62	1.701583
8.63	1.709895
8.64	1.718179
8.65	1.726434
8.66	1.734661
8.67	1.742860
8.68	1.751032
8.69	1.759176
8.70	1.767294
8.71	1.775385
8.72	1.783451
8.73	1.791490
8.74	1.799504
8.75	1.807493
8.76	1.815457
8.77	1.823397
8.78	1.831312
8.79	1.839203
8.80	1.847070
8.81	1.854914
8.82	1.862735
8.83	1.870533
8.84	1.878309
8.85	1.886061
8.86	1.893792
8.87	1.901501
8.88	1.909189
8.89	1.916855
8.90	1.924499
8.91	1.932123
8.92	1.939726
8.93	1.947309
8.94	1.954872
8.95	1.962414
8.96	1.969937
8.97	1.977440
8.98	1.984924
8.99	1.992388
9.00	1.999833
9.01	2.007260
9.02	2.014668
9.03	2.022058
9.04	2.029430
9.05	2.036783
9.06	2.044119
9.07	2.051437
9.08	2.058737
9.09	2.066020
9.10	2.073286
9.11	2.080535
9.12	2.087768
9.13	2.094983
9.14	2.102182
9.15	2.109365
9.16	2.116532
9.17	2.123683
9.18	2.130817
9.19	2.137937
9.20	2.145040
9.21	2.152128
9.22	2.159201
9.23	2.166259
9.24	2.173302
9.25	2.180330
9.26	2.187343
9.27	2.194342
9.28	2.201326
9.29	2.208296
9.30	2.215252
9.31	2.222193
9.32	2.229121
9.33	2.236035
9.34	2.242935
9.35	2.249822
9.36	2.256696
9.37	2.263556
9.38	2.270402
9.39	2.277236
9.40	2.284057
9.41	2.290865
9.42	2.297660
9.43	2.304442
9.44	2.311212
9.45	2.317969
9.46	2.324715
9.47	2.331447
9.48	2.338168
9.49	2.344877
9.50	2.351574
9.51	2.358259
9.52	2.364932
9.53	2.371593
9.54	2.378243
9.55	2.384882
9.56	2.391509
9.57	2.398125
9.58	2.404730
9.59	2.411324
9.60	2.417906
9.61	2.424478
9.62	2.431039
9.63	2.437589
9.64	2.444129
9.65	2.450658
9.66	2.457176
9.67	2.463684
9.68	2.470182
9.69	2.476669
9.70	2.483147
9.71	2.489614
9.72	2.496071
9.73	2.502518
9.74	2.508955
9.75	2.515383
9.76	2.521800
9.77	2.528209
9.78	2.534607
9.79	2.540996
9.80	2.547376
9.81	2.553746
9.82	2.560106
9.83	2.566458
9.84	2.572800
9.85	2.579134
9.86	2.585458
9.87	2.591773
9.88	2.598080
9.89	2.604377
9.90	2.610666
9.91	2.616946
9.92	2.623217
9.93	2.629479
9.94	2.635734
9.95	2.641979
9.96	2.648216
9.97	2.654445
9.98	2.660666
9.99	2.666878
10.00	2.673082
10.01	2.679278
10.02	2.685465
10.03	2.691645
10.04	2.697817
10.05	2.703981
10.06	2.710136
10.07	2.716285
10.08	2.722425
10.09	2.728557
10.10	2.734682
10.11	2.740800
10.12	2.746909
10.13	2.753011
10.14	2.759106
10.15	2.765193
10.16	2.771273
10.17	2.777346
10.18	2.783411
10.19	2.789469
10.20	2.795520
10.21	2.801563
10.22	2.807600
10.23	2.813629
10.24	2.819652
10.25	2.825667
10.26	2.831676
10.27	2.837677
10.28	2.843672
10.29	2.849660
10.30	2.855642
10.31	2.861616
10.32	2.867584
10.33	2.873545
10.34	2.879500
10.35	2.885448
10.36	2.891390
10.37	2.897325
10.38	2.903253
10.39	2.909176
10.40	2.915091
10.41	2.921001
10.42	2.926904
10.43	2.932801
10.44	2.938692
10.45	2.944577
10.46	2.950455
10.47	2.956328
10.48	2.962194
10.49	2.968054
10.50	2.973909
10.51	2.979757
10.52	2.985599
10.53	2.991436
10.54	2.997266
10.55	3.003091
10.56	3.008910
10.57	3.014724
10.58	3.020531
10.59	3.026333
10.60	3.032129
10.61	3.037920
10.62	3.043704
10.63	3.049484
10.64	3.055258
10.65	3.061026
10.66	3.066789
10.67	3.072546
10.68	3.078298
10.69	3.084045
10.70	3.089786
10.71	3.095522
10.72	3.101252
10.73	3.106978
10.74	3.112698
10.75	3.118413
10.76	3.124122
10.77	3.129827
10.78	3.135526
10.79	3.141220
10.80	3.146910
10.81	3.152594
10.82	3.158273
10.83	3.163947
10.84	3.169616
10.85	3.175280
10.86	3.180940
10.87	3.186594
10.88	3.192244
10.89	3.197888
10.90	3.203528
10.91	3.209163
10.92	3.214793
10.93	3.220419
10.94	3.226040
10.95	3.231656
10.96	3.237267
10.97	3.242874
10.98	3.248477
10.99	3.254074
11.00	3.259667
11.01	3.265256
11.02	3.270840
11.03	3.276419
11.04	3.281994
11.05	3.287564
11.06	3.293131
11.07	3.298692
11.08	3.304249
11.09	3.309802
11.10	3.315351
11.11	3.320895
11.12	3.326435
11.13	3.331970
11.14	3.337502
11.15	3.343029
11.16	3.348552
11.17	3.354070
11.18	3.359585
11.19	3.365095
11.20	3.370601
11.21	3.376103
11.22	3.381601
11.23	3.387095
11.24	3.392585
11.25	3.398070
11.26	3.403552
11.27	3.409030
11.28	3.414503
11.29	3.419973
11.30	3.425439
11.31	3.430900
11.32	3.436358
11.33	3.441812
11.34	3.447263
11.35	3.452709
11.36	3.458151
11.37	3.463590
11.38	3.469025
11.39	3.474456
11.40	3.479883
11.41	3.485306
11.42	3.490726
11.43	3.496142
11.44	3.501554
11.45	3.506963
11.46	3.512368
11.47	3.517769
11.48	3.523167
11.49	3.528561
11.50	3.533951
11.51	3.539338
11.52	3.544721
11.53	3.550101
11.54	3.555477
11.55	3.560850
11.56	3.566219
11.57	3.571584
11.58	3.576947
11.59	3.582305
11.60	3.587661
11.61	3.593012
11.62	3.598361
11.63	3.603706
11.64	3.609047
11.65	3.614386
11.66	3.619720
11.67	3.625052
11.68	3.630380
11.69	3.635705
11.70	3.641027
11.71	3.646345
11.72	3.651660
11.73	3.656972
11.74	3.662280
11.75	3.667585
11.76	3.672887
11.77	3.678186
11.78	3.683482
11.79	3.688774
11.80	3.694064
11.81	3.699350
11.82	3.704633
11.83	3.709913
11.84	3.715190
11.85	3.720463
11.86	3.725734
11.87	3.731002
11.88	3.736266
11.89	3.741528
11.90	3.746786
11.91	3.752041
11.92	3.757294
11.93	3.762543
11.94	3.767790
11.95	3.773033
11.96	3.778274
11.97	3.783511
11.98	3.788746
11.99	3.793977
12.00	3.799206
12.01	3.804432
12.02	3.809655
12.03	3.814875
12.04	3.820092
12.05	3.825307
12.06	3.830518
12.07	3.835727
12.08	3.840933
12.09	3.846136
12.10	3.851336
12.11	3.856534
12.12	3.861728
12.13	3.866920
12.14	3.872110
12.15	3.877296
12.16	3.882480
12.17	3.887661
12.18	3.892839
12.19	3.898015
12.20	3.903188
12.21	3.908358
12.22	3.913526
12.23	3.918690
12.24	3.923853
12.25	3.929012
12.26	3.934169
12.27	3.939324
12.28	3.944476
12.29	3.949625
12.30	3.954771
12.31	3.959915
12.32	3.965057
12.33	3.970196
12.34	3.975332
12.35	3.980466
12.36	3.985597
12.37	3.990726
12.38	3.995852
12.39	4.000976
12.40	4.006097
12.41	4.011216
12.42	4.016333
12.43	4.021446
12.44	4.026558
12.45	4.031667
12.46	4.036773
12.47	4.041877
12.48	4.046979
12.49	4.052078
12.50	4.057175
12.51	4.062270
12.52	4.067362
12.53	4.072452
12.54	4.077539
12.55	4.082624
12.56	4.087707
12.57	4.092787
12.58	4.097865
12.59	4.102941
12.60	4.108014
12.61	4.113085
12.62	4.118154
12.63	4.123221
12.64	4.128285
12.65	4.133347
12.66	4.138407
12.67	4.143464
12.68	4.148519
12.69	4.153572
12.70	4.158623
12.71	4.163672
12.72	4.168718
12.73	4.173762
12.74	4.178804
12.75	4.183844
12.76	4.188881
12.77	4.193916
12.78	4.198950
12.79	4.203981
12.80	4.209010
12.81	4.214036
12.82	4.219061
12.83	4.224083
12.84	4.229104
12.85	4.234122
12.86	4.239138
12.87	4.244152
12.88	4.249164
12.89	4.254174
12.90	4.259182
12.91	4.264187
12.92	4.269191
12.93	4.274192
12.94	4.279192
12.95	4.284189
12.96	4.289185
12.97	4.294178
12.98	4.299170
12.99	4.304159
13.00	4.309147
13.01	4.314132
13.02	4.319115
13.03	4.324097
13.04	4.329076
13.05	4.334054
13.06	4.339029
13.07	4.344003
13.08	4.348974
13.09	4.353944
13.10	4.358911
13.11	4.363877
13.12	4.368841
13.13	4.373803
13.14	4.378763
13.15	4.383721
13.16	4.388677
13.17	4.393631
13.18	4.398584
13.19	4.403534
13.20	4.408483
13.21	4.413430
13.22	4.418375
13.23	4.423318
13.24	4.428259
13.25	4.433198
13.26	4.438136
13.27	4.443071
13.28	4.448005
13.29	4.452937
13.30	4.457867
13.31	4.462796
13.32	4.467722
13.33	4.472647
13.34	4.477570
13.35	4.482491
13.36	4.487411
13.37	4.492328
13.38	4.497244
13.39	4.502158
13.40	4.507071
13.41	4.511981
13.42	4.516890
13.43	4.521797
13.44	4.526703
13.45	4.531606
13.46	4.536508
13.47	4.541409
13.48	4.546307
13.49	4.551204
13.50	4.556099
13.51	4.560992
13.52	4.565884
13.53	4.570774
13.54	4.575662
13.55	4.580549
13.56	4.585434
13.57	4.590317
13.58	4.595199
13.59	4.600079
13.60	4.604957
13.61	4.609834
13.62	4.614709
13.63	4.619583
13.64	4.624455
13.65	4.629325
13.66	4.634193
13.67	4.639060
13.68	4.643926
13.69	4.648789
13.70	4.653651
13.71	4.658512
13.72	4.663371
13.73	4.668228
13.74	4.673084
13.75	4.677938
13.76	4.682791
13.77	4.687642
13.78	4.692492
13.79	4.697340
13.80	4.702186
13.81	4.707031
13.82	4.711874
13.83	4.716716
13.84	4.721556
13.85	4.726395
13.86	4.731232
13.87	4.736068
13.88	4.740902
13.89	4.745735
13.90	4.750566
13.91	4.755396
13.92	4.760224
13.93	4.765050
13.94	4.769876
13.95	4.774699
13.96	4.779522
13.97	4.784342
13.98	4.789162
13.99	4.793979
14.00	4.798796
14.01	4.803611
14.02	4.808424
14.03	4.813236
14.04	4.818047
14.05	4.822856
14.06	4.827664
14.07	4.832470
14.08	4.837275
14.09	4.842078
14.10	4.846880
14.11	4.851681
14.12	4.856480
14.13	4.861278
14.14	4.866074
14.15	4.870869
14.16	4.875663
14.17	4.880455
14.18	4.885246
14.19	4.890035
14.20	4.894823
14.21	4.899610
14.22	4.904395
14.23	4.909179
14.24	4.913962
14.25	4.918743
14.26	4.923523
14.27	4.928301
14.28	4.933078
14.29	4.937854
14.30	4.942629
14.31	4.947402
14.32	4.952174
14.33	4.956944
14.34	4.961714
14.35	4.966481
14.36	4.971248
14.37	4.976013
14.38	4.980777
14.39	4.985540
14.40	4.990301
14.41	4.995061
14.42	4.999820
14.43	5.004577
14.44	5.009334
14.45	5.014088
14.46	5.018842
14.47	5.023594
14.48	5.028345
14.49	5.033095
14.50	5.037844
14.51	5.042591
14.52	5.047337
14.53	5.052082
14.54	5.056825
14.55	5.061568
14.56	5.066309
14.57	5.071049
14.58	5.075787
14.59	5.080524
14.60	5.085260
14.61	5.089995
14.62	5.094729
14.63	5.099461
14.64	5.104193
14.65	5.108923
14.66	5.113651
14.67	5.118379
14.68	5.123105
14.69	5.127831
14.70	5.132555
14.71	5.137277
14.72	5.141999
14.73	5.146719
14.74	5.151439
14.75	5.156157
14.76	5.160874
14.77	5.165589
14.78	5.170304
14.79	5.175017
14.80	5.179730
14.81	5.184441
14.82	5.189150
14.83	5.193859
14.84	5.198567
14.85	5.203273
14.86	5.207979
14.87	5.212683
14.88	5.217386
14.89	5.222088
14.90	5.226788
14.91	5.231488
14.92	5.236187
14.93	5.240884
14.94	5.245580
14.95	5.250275
14.96	5.254969
14.97	5.259662
14.98	5.264354
14.99	5.269045
15.00	5.273734
15.01	5.278423
15.02	5.283110
15.03	5.287797
15.04	5.292482
15.05	5.297166
15.06	5.301849
15.07	5.306531
15.08	5.311212
15.09	5.315892
15.10	5.320571
15.11	5.325248
15.12	5.329925
15.13	5.334600
15.14	5.339275
15.15	5.343948
15.16	5.348621
15.17	5.353292
15.18	5.357962
15.19	5.362631
15.20	5.367300
15.21	5.371967
15.22	5.376633
15.23	5.381298
15.24	5.385962
15.25	5.390625
15.26	5.395287
15.27	5.399948
15.28	5.404608
15.29	5.409267
15.30	5.413924
15.31	5.418581
15.32	5.423237
15.33	5.427892
15.34	5.432546
15.35	5.437199
15.36	5.441851
15.37	5.446501
15.38	5.451151
15.39	5.455800
15.40	5.460448
15.41	5.465095
15.42	5.469741
15.43	5.474385
15.44	5.479029
15.45	5.483672
15.46	5.488314
15.47	5.492955
15.48	5.497595
15.49	5.502234
15.50	5.506872
15.51	5.511509
15.52	5.516145
15.53	5.520781
15.54	5.525415
15.55	5.530048
15.56	5.534680
15.57	5.539312
15.58	5.543942
15.59	5.548572
15.60	5.553200
15.61	5.557828
15.62	5.562454
15.63	5.567080
15.64	5.571705
15.65	5.576329
15.66	5.580952
15.67	5.585574
15.68	5.590195
15.69	5.594815
15.70	5.599434
15.71	5.604052
15.72	5.608670
15.73	5.613286
15.74	5.617902
15.75	5.622517
15.76	5.627130
15.77	5.631743
15.78	5.636355
15.79	5.640966
15.80	5.645576
15.81	5.650186
15.82	5.654794
15.83	5.659402
15.84	5.664008
15.85	5.668614
15.86	5.673219
15.87	5.677823
15.88	5.682426
15.89	5.687028
15.90	5.691629
15.91	5.696230
15.92	5.700829
15.93	5.705428
15.94	5.710026
15.95	5.714623
15.96	5.719219
15.97	5.723814
15.98	5.728409
15.99	5.733002
16.00	5.737595
16.01	5.742187
16.02	5.746778
16.03	5.751368
16.04	5.755958
16.05	5.760546
16.06	5.765134
16.07	5.769721
16.08	5.774306
16.09	5.778892
16.10	5.783476
16.11	5.788059
16.12	5.792642
16.13	5.797224
16.14	5.801805
16.15	5.806385
16.16	5.810965
16.17	5.815543
16.18	5.820121
16.19	5.824698
16.20	5.829274
16.21	5.833849
16.22	5.838424
16.23	5.842997
16.24	5.847570
16.25	5.852142
16.26	5.856714
16.27	5.861284
16.28	5.865854
16.29	5.870423
16.30	5.874991
16.31	5.879558
16.32	5.884125
16.33	5.888691
16.34	5.893255
16.35	5.897820
16.36	5.902383
16.37	5.906946
16.38	5.911508
16.39	5.916069
16.40	5.920629
16.41	5.925189
16.42	5.929747
16.43	5.934305
16.44	5.938863
16.45	5.943419
16.46	5.947975
16.47	5.952530
16.48	5.957084
16.49	5.961637
16.50	5.966190
16.51	5.970742
16.52	5.975293
16.53	5.979844
16.54	5.984393
16.55	5.988942
16.56	5.993491
16.57	5.998038
16.58	6.002585
16.59	6.007131
16.60	6.011676
16.61	6.016221
16.62	6.020764
16.63	6.025307
16.64	6.029850
16.65	6.034391
16.66	6.038932
16.67	6.043472
16.68	6.048012
16.69	6.052551
16.70	6.057089
16.71	6.061626
16.72	6.066162
16.73	6.070698
16.74	6.075233
16.75	6.079768
16.76	6.084302
16.77	6.088835
16.78	6.093367
16.79	6.097899
16.80	6.102430
16.81	6.106960
16.82	6.111489
16.83	6.116018
16.84	6.120546
16.85	6.125074
16.86	6.129601
16.87	6.134127
16.88	6.138652
16.89	6.143177
16.90	6.147701
16.91	6.152224
16.92	6.156747
16.93	6.161269
16.94	6.165790
16.95	6.170311
16.96	6.174831
16.97	6.179350
16.98	6.183868
16.99	6.188386
17.00	6.192904
17.01	6.197420
17.02	6.201936
17.03	6.206451
17.04	6.210966
17.05	6.215480
17.06	6.219993
17.07	6.224506
17.08	6.229018
17.09	6.233529
17.10	6.238040
17.11	6.242550
17.12	6.247059
17.13	6.251568
17.14	6.256076
17.15	6.260584
17.16	6.265091
17.17	6.269597
17.18	6.274102
17.19	6.278607
17.20	6.283111
17.21	6.287615
17.22	6.292118
17.23	6.296620
17.24	6.301122
17.25	6.305623
17.26	6.310124
17.27	6.314624
17.28	6.319123
17.29	6.323621
17.30	6.328119
17.31	6.332617
17.32	6.337114
17.33	6.341610
17.34	6.346105
17.35	6.350600
17.36	6.355094
17.37	6.359588
17.38	6.364081
17.39	6.368574
17.40	6.373066
17.41	6.377557
17.42	6.382048
17.43	6.386538
17.44	6.391027
17.45	6.395516
17.46	6.400004
17.47	6.404492
17.48	6.408979
17.49	6.413465
17.50	6.417951
17.51	6.422437
17.52	6.426921
17.53	6.431405
17.54	6.435889
17.55	6.440372
17.56	6.444854
17.57	6.449336
17.58	6.453817
17.59	6.458298
17.60	6.462778
17.61	6.467258
17.62	6.471737
17.63	6.476215
17.64	6.480693
17.65	6.485170
17.66	6.489647
17.67	6.494123
17.68	6.498598
17.69	6.503073
17.70	6.507547
17.71	6.512021
17.72	6.516495
17.73	6.520967
17.74	6.525439
17.75	6.529911
17.76	6.534382
17.77	6.538853
17.78	6.543322
17.79	6.547792
17.80	6.552261
17.81	6.556729
17.82	6.561197
17.83	6.565664
17.84	6.570131
17.85	6.574597
17.86	6.579062
17.87	6.583527
17.88	6.587992
17.89	6.592456
17.90	6.596919
17.91	6.601382
17.92	6.605844
17.93	6.610306
17.94	6.614768
17.95	6.619228
17.96	6.623689
17.97	6.628148
17.98	6.632607
17.99	6.637066
18.00	6.641524
18.01	6.645982
18.02	6.650439
18.03	6.654896
18.04	6.659352
18.05	6.663807
18.06	6.668262
18.07	6.672717
18.08	6.677171
18.09	6.681624
18.10	6.686077
18.11	6.690530
18.12	6.694982
18.13	6.699433
18.14	6.703884
18.15	6.708335
18.16	6.712785
18.17	6.717234
18.18	6.721683
18.19	6.726132
18.20	6.730580
18.21	6.735027
18.22	6.739474
18.23	6.743921
18.24	6.748367
18.25	6.752812
18.26	6.757257
18.27	6.761702
18.28	6.766146
18.29	6.770589
18.30	6.775033
18.31	6.779475
18.32	6.783917
18.33	6.788359
18.34	6.792800
18.35	6.797241
18.36	6.801681
18.37	6.806121
18.38	6.810560
18.39	6.814999
18.40	6.819437
18.41	6.823875
18.42	6.828312
18.43	6.832749
18.44	6.837186
18.45	6.841622
18.46	6.846057
18.47	6.850492
18.48	6.854927
18.49	6.859361
18.50	6.863795
18.51	6.868228
18.52	6.872661
18.53	6.877093
18.54	6.881525
18.55	6.885957
18.56	6.890388
18.57	6.894818
18.58	6.899248
18.59	6.903678
18.60	6.908107
18.61	6.912536
18.62	6.916964
18.63	6.921392
18.64	6.925819
18.65	6.930246
18.66	6.934673
18.67	6.939099
18.68	6.943524
18.69	6.947950
18.70	6.952374
18.71	6.956799
18.72	6.961223
18.73	6.965646
18.74	6.970069
18.75	6.974492
18.76	6.978914
18.77	6.983336
18.78	6.987757
18.79	6.992178
18.80	6.996599
18.81	7.001019
18.82	7.005438
18.83	7.009858
18.84	7.014276
18.85	7.018695
18.86	7.023113
18.87	7.027530
18.88	7.031947
18.89	7.036364
18.90	7.040781
18.91	7.045197
18.92	7.049612
18.93	7.054027
18.94	7.058442
18.95	7.062856
18.96	7.067270
18.97	7.071684
18.98	7.076097
18.99	7.080509
19.00	7.084922
19.01	7.089334
19.02	7.093745
19.03	7.098156
19.04	7.102567
19.05	7.106977
19.06	7.111387
19.07	7.115797
19.08	7.120206
19.09	7.124615
19.10	7.129023
19.11	7.133431
19.12	7.137838
19.13	7.142246
19.14	7.146653
19.15	7.151059
19.16	7.155465
19.17	7.159871
19.18	7.164276
19.19	7.168681
19.20	7.173086
19.21	7.177490
19.22	7.181894
19.23	7.186297
19.24	7.190700
19.25	7.195103
19.26	7.199505
19.27	7.203907
19.28	7.208309
19.29	7.212710
19.30	7.217111
19.31	7.221511
19.32	7.225911
19.33	7.230311
19.34	7.234710
19.35	7.239109
19.36	7.243508
19.37	7.247906
19.38	7.252304
19.39	7.256702
19.40	7.261099
19.41	7.265496
19.42	7.269893
19.43	7.274289
19.44	7.278685
19.45	7.283080
19.46	7.287476
19.47	7.291870
19.48	7.296265
19.49	7.300659
19.50	7.305053
19.51	7.309446
19.52	7.313839
19.53	7.318232
19.54	7.322625
19.55	7.327017
19.56	7.331408
19.57	7.335800
19.58	7.340191
19.59	7.344582
19.60	7.348972
19.61	7.353362
19.62	7.357752
19.63	7.362141
19.64	7.366531
19.65	7.370919
19.66	7.375308
19.67	7.379696
19.68	7.384084
19.69	7.388471
19.70	7.392859
19.71	7.397245
19.72	7.401632
19.73	7.406018
19.74	7.410404
19.75	7.414790
19.76	7.419175
19.77	7.423560
19.78	7.427945
19.79	7.432329
19.80	7.436713
19.81	7.441097
19.82	7.445480
19.83	7.449863
19.84	7.454246
19.85	7.458629
19.86	7.463011
19.87	7.467393
19.88	7.471774
19.89	7.476156
19.90	7.480537
19.91	7.484917
19.92	7.489298
19.93	7.493678
19.94	7.498058
19.95	7.502437
19.96	7.506816
19.97	7.511195
19.98	7.515574
19.99	7.519953
20.00	7.524331
20.01	7.528708
20.02	7.533086
20.03	7.537463
20.04	7.541840
20.05	7.546217
20.06	7.550593
20.07	7.554969
20.08	7.559345
20.09	7.563721
20.10	7.568096
20.11	7.572471
20.12	7.576846
20.13	7.581220
20.14	7.585594
20.15	7.589968
20.16	7.594342
20.17	7.598715
20.18	7.603089
20.19	7.607461
20.20	7.611834
20.21	7.616206
20.22	7.620578
20.23	7.624950
20.24	7.629322
20.25	7.633693
20.26	7.638064
20.27	7.642435
20.28	7.646805
20.29	7.651176
20.30	7.655546
20.31	7.659915
20.32	7.664285
20.33	7.668654
20.34	7.673023
20.35	7.677392
20.36	7.681760
20.37	7.686129
20.38	7.690497
20.39	7.694864
20.40	7.699232
20.41	7.703599
20.42	7.707966
20.43	7.712333
20.44	7.716700
20.45	7.721066
20.46	7.725432
20.47	7.729798
20.48	7.734164
20.49	7.738529
20.50	7.742894
20.51	7.747259
20.52	7.751624
20.53	7.755988
20.54	7.760353
20.55	7.764717
20.56	7.769080
20.57	7.773444
20.58	7.777807
20.59	7.782171
20.60	7.786533
20.61	7.790896
20.62	7.795259
20.63	7.799621
20.64	7.803983
20.65	7.808345
20.66	7.812706
20.67	7.817068
20.68	7.821429
20.69	7.825790
20.70	7.830151
20.71	7.834511
20.72	7.838872
20.73	7.843232
20.74	7.847592
20.75	7.851952
20.76	7.856311
20.77	7.860671
20.78	7.865030
20.79	7.869389
20.80	7.873748
20.81	7.878106
20.82	7.882465
20.83	7.886823
20.84	7.891181
20.85	7.895539
20.86	7.899896
20.87	7.904254
20.88	7.908611
20.89	7.912968
20.90	7.917325
20.91	7.921681
20.92	7.926038
20.93	7.930394
20.94	7.934750
20.95	7.939106
20.96	7.943462
20.97	7.947818
20.98	7.952173
20.99	7.956528
21.00	7.960883
21.01	7.965238
21.02	7.969593
21.03	7.973948
21.04	7.978302
21.05	7.982656
21.06	7.987010
21.07	7.991364
21.08	7.995718
21.09	8.000072
21.10	8.004425
21.11	8.008778
21.12	8.013131
21.13	8.017484
21.14	8.021837
21.15	8.026190
21.16	8.030542
21.17	8.034894
21.18	8.039247
21.19	8.043599
21.20	8.047950
21.21	8.052302
21.22	8.056654
21.23	8.061005
21.24	8.065356
21.25	8.069707
21.26	8.074058
21.27	8.078409
21.28	8.082760
21.29	8.087111
21.30	8.091461
21.31	8.095811
21.32	8.100161
21.33	8.104511
21.34	8.108861
21.35	8.113211
21.36	8.117561
21.37	8.121910
21.38	8.126260
21.39	8.130609
21.40	8.134958
21.41	8.139307
21.42	8.143656
21.43	8.148005
21.44	8.152353
21.45	8.156702
21.46	8.161050
21.47	8.165398
21.48	8.169746
21.49	8.174095
21.50	8.178442
21.51	8.182790
21.52	8.187138
21.53	8.191486
21.54	8.195833
21.55	8.200180
21.56	8.204528
21.57	8.208875
21.58	8.213222
21.59	8.217569
21.60	8.221916
21.61	8.226263
21.62	8.230609
21.63	8.234956
21.64	8.239302
21.65	8.243649
21.66	8.247995
21.67	8.252341
21.68	8.256687
21.69	8.261033
21.70	8.265379
21.71	8.269725
21.72	8.274071
21.73	8.278417
21.74	8.282762
21.75	8.287108
21.76	8.291453
21.77	8.295799
21.78	8.300144
21.79	8.304489
21.80	8.308834
21.81	8.313179
21.82	8.317524
21.83	8.321869
21.84	8.326214
21.85	8.330559
21.86	8.334904
21.87	8.339248
21.88	8.343593
21.89	8.347937
21.90	8.352282
21.91	8.356626
21.92	8.360971
21.93	8.365315
21.94	8.369659
21.95	8.374003
21.96	8.378347
21.97	8.382692
21.98	8.387036
21.99	8.391380
22.00	8.395723
22.01	8.400067
22.02	8.404411
22.03	8.408755
22.04	8.413099
22.05	8.417443
22.06	8.421786
22.07	8.426130
22.08	8.430473
22.09	8.434817
22.10	8.439161
22.11	8.443504
22.12	8.447848
22.13	8.452191
22.14	8.456534
22.15	8.460878
22.16	8.465221
22.17	8.469565
22.18	8.473908
22.19	8.478251
22.20	8.482595
22.21	8.486938
22.22	8.491281
22.23	8.495624
22.24	8.499968
22.25	8.504311
22.26	8.508654
22.27	8.512997
22.28	8.517340
22.29	8.521684
22.30	8.526027
22.31	8.530370
22.32	8.534713
22.33	8.539056
22.34	8.543399
22.35	8.547743
22.36	8.552086
22.37	8.556429
22.38	8.560772
22.39	8.565115
22.40	8.569459
22.41	8.573802
22.42	8.578145
22.43	8.582488
22.44	8.586832
22.45	8.591175
22.46	8.595518
22.47	8.599862
22.48	8.604205
22.49	8.608548
22.50	8.612892
22.51	8.617235
22.52	8.621579
22.53	8.625922
22.54	8.630266
22.55	8.634609
22.56	8.638953
22.57	8.643296
22.58	8.647640
22.59	8.651984
22.60	8.656328
22.61	8.660671
22.62	8.665015
22.63	8.669359
22.64	8.673703
22.65	8.678047
22.66	8.682391
22.67	8.686735
22.68	8.691079
22.69	8.695424
22.70	8.699768
22.71	8.704112
22.72	8.708456
22.73	8.712801
22.74	8.717145
22.75	8.721490
22.76	8.725835
22.77	8.730179
22.78	8.734524
22.79	8.738869
22.80	8.743214
22.81	8.747559
22.82	8.751904
22.83	8.756249
22.84	8.760594
22.85	8.764940
22.86	8.769285
22.87	8.773631
22.88	8.777976
22.89	8.782322
22.90	8.786668
22.91	8.791014
22.92	8.795359
22.93	8.799706
22.94	8.804052
22.95	8.808398
22.96	8.812744
22.97	8.817091
22.98	8.821437
22.99	8.825784
23.00	8.830131
23.01	8.834478
23.02	8.838825
23.03	8.843172
23.04	8.847519
23.05	8.851866
23.06	8.856214
23.07	8.860561
23.08	8.864909
23.09	8.869257
23.10	8.873605
23.11	8.877953
23.12	8.882301
23.13	8.886650
23.14	8.890998
23.15	8.895347
23.16	8.899695
23.17	8.904044
23.18	8.908393
23.19	8.912743
23.20	8.917092
23.21	8.921441
23.22	8.925791
23.23	8.930141
23.24	8.934491
23.25	8.938841
23.26	8.943191
23.27	8.947541
23.28	8.951892
23.29	8.956243
23.30	8.960594
23.31	8.964945
23.32	8.969296
23.33	8.973647
23.34	8.977999
23.35	8.982351
23.36	8.986703
23.37	8.991055
23.38	8.995407
23.39	8.999760
23.40	9.004112
23.41	9.008465
23.42	9.012818
23.43	9.017171
23.44	9.021525
23.45	9.025878
23.46	9.030232
23.47	9.034586
23.48	9.038940
23.49	9.043295
23.50	9.047649
23.51	9.052004
23.52	9.056359
23.53	9.060715
23.54	9.065070
23.55	9.069426
23.56	9.073782
23.57	9.078138
23.58	9.082494
23.59	9.086851
23.60	9.091207
23.61	9.095564
23.62	9.099922
23.63	9.104279
23.64	9.108637
23.65	9.112995
23.66	9.117353
23.67	9.121712
23.68	9.126070
23.69	9.130429
23.70	9.134788
23.71	9.139148
23.72	9.143508
23.73	9.147867
23.74	9.152228
23.75	9.156588
23.76	9.160949
23.77	9.165310
23.78	9.169671
23.79	9.174033
23.80	9.178394
23.81	9.182757
23.82	9.187119
23.83	9.191482
23.84	9.195844
23.85	9.200208
23.86	9.204571
23.87	9.208935
23.88	9.213299
23.89	9.217663
23.90	9.222028
23.91	9.226393
23.92	9.230758
23.93	9.235124
23.94	9.239490
23.95	9.243856
23.96	9.248222
23.97	9.252589
23.98	9.256956
23.99	9.261324
24.00	9.265691
24.01	9.270059
24.02	9.274428
24.03	9.278797
24.04	9.283166
24.05	9.287535
24.06	9.291905
24.07	9.296275
24.08	9.300645
24.09	9.305016
24.10	9.309387
24.11	9.313758
24.12	9.318130
24.13	9.322502
24.14	9.326875
24.15	9.331248
24.16	9.335621
24.17	9.339995
24.18	9.344369
24.19	9.348743
24.20	9.353118
24.21	9.357493
24.22	9.361868
24.23	9.366244
24.24	9.370620
24.25	9.374997
24.26	9.379374
24.27	9.383751
24.28	9.388129
24.29	9.392507
24.30	9.396886
24.31	9.401265
24.32	9.405644
24.33	9.410024
24.34	9.414404
24.35	9.418785
24.36	9.423166
24.37	9.427547
24.38	9.431929
24.39	9.436312
24.40	9.440694
24.41	9.445077
24.42	9.449461
24.43	9.453845
24.44	9.458230
24.45	9.462615
24.46	9.467000
24.47	9.471386
24.48	9.475772
24.49	9.480159
24.50	9.484546
24.51	9.488934
24.52	9.493322
24.53	9.497711
24.54	9.502100
24.55	9.506489
24.56	9.510879
24.57	9.515270
24.58	9.519661
24.59	9.524052
24.60	9.528444
24.61	9.532837
24.62	9.537230
24.63	9.541623
24.64	9.546017
24.65	9.550412
24.66	9.554807
24.67	9.559202
24.68	9.563598
24.69	9.567995
24.70	9.572392
24.71	9.576790
24.72	9.581188
24.73	9.585586
24.74	9.589986
24.75	9.594385
24.76	9.598786
24.77	9.603187
24.78	9.607588
24.79	9.611990
24.80	9.616392
24.81	9.620796
24.82	9.625199
24.83	9.629603
24.84	9.634008
24.85	9.638414
24.86	9.642820
24.87	9.647226
24.88	9.651633
24.89	9.656041
24.90	9.660449
24.91	9.664858
24.92	9.669268
24.93	9.673678
24.94	9.678088
24.95	9.682500
24.96	9.686912
24.97	9.691324
24.98	9.695738
24.99	9.700151
25.00	9.704566
25.01	9.708981
25.02	9.713397
25.03	9.717813
25.04	9.722230
25.05	9.726648
25.06	9.731066
25.07	9.735485
25.08	9.739905
25.09	9.744325
25.10	9.748746
25.11	9.753168
25.12	9.757590
25.13	9.762013
25.14	9.766437
25.15	9.770862
25.16	9.775287
25.17	9.779713
25.18	9.784139
25.19	9.788566
25.20	9.792994
25.21	9.797423
25.22	9.801853
25.23	9.806283
25.24	9.810714
25.25	9.815145
25.26	9.819577
25.27	9.824011
25.28	9.828444
25.29	9.832879
25.30	9.837314
25.31	9.841751
25.32	9.846187
25.33	9.850625
25.34	9.855063
25.35	9.859503
25.36	9.863943
25.37	9.868383
25.38	9.872825
25.39	9.877267
25.40	9.881711
25.41	9.886155
25.42	9.890599
25.43	9.895045
25.44	9.899491
25.45	9.903939
25.46	9.908387
25.47	9.912836
25.48	9.917286
25.49	9.921736
25.50	9.926188
25.51	9.930640
25.52	9.935093
25.53	9.939547
25.54	9.944002
25.55	9.948458
25.56	9.952915
25.57	9.957372
25.58	9.961831
25.59	9.966290
25.60	9.970751
25.61	9.975212
25.62	9.979674
25.63	9.984137
25.64	9.988601
25.65	9.993066
25.66	9.997532
25.67	10.001998
25.68	10.006466
25.69	10.010935
25.70	10.015404
25.71	10.019875
25.72	10.024346
25.73	10.028819
25.74	10.033292
25.75	10.037767
25.76	10.042242
25.77	10.046719
25.78	10.051196
25.79	10.055675
25.80	10.060154
25.81	10.064635
25.82	10.069116
25.83	10.073599
25.84	10.078082
25.85	10.082567
25.86	10.087052
25.87	10.091539
25.88	10.096027
25.89	10.100516
25.90	10.105006
25.91	10.109497
25.92	10.113989
25.93	10.118482
25.94	10.122976
25.95	10.127472
25.96	10.131968
25.97	10.136466
25.98	10.140964
25.99	10.145464
26.00	10.149965
26.01	10.154467
26.02	10.158971
26.03	10.163475
26.04	10.167981
26.05	10.172488
26.06	10.176995
26.07	10.181505
26.08	10.186015
26.09	10.190526
26.10	10.195039
26.11	10.199553
26.12	10.204068
26.13	10.208584
26.14	10.213102
26.15	10.217621
26.16	10.222141
26.17	10.226662
26.18	10.231185
26.19	10.235709
26.20	10.240234
26.21	10.244760
26.22	10.249288
26.23	10.253817
26.24	10.258347
26.25	10.262879
26.26	10.267411
26.27	10.271946
26.28	10.276481
26.29	10.281018
26.30	10.285556
26.31	10.290096
26.32	10.294637
26.33	10.299179
26.34	10.303723
26.35	10.308268
26.36	10.312814
26.37	10.317362
26.38	10.321912
26.39	10.326462
26.40	10.331014
26.41	10.335568
26.42	10.340123
26.43	10.344679
26.44	10.349237
26.45	10.353797
26.46	10.358358
26.47	10.362920
26.48	10.367484
26.49	10.372049
26.50	10.376616
26.51	10.381184
26.52	10.385754
26.53	10.390325
26.54	10.394898
26.55	10.399473
26.56	10.404049
26.57	10.408627
26.58	10.413206
26.59	10.417787
26.60	10.422369
26.61	10.426953
26.62	10.431539
26.63	10.436126
26.64	10.440715
26.65	10.445306
26.66	10.449898
26.67	10.454492
26.68	10.459087
26.69	10.463684
26.70	10.468283
26.71	10.472884
26.72	10.477486
26.73	10.482090
26.74	10.486696
26.75	10.491304
26.76	10.495913
26.77	10.500524
26.78	10.505137
26.79	10.509751
26.80	10.514368
26.81	10.518986
26.82	10.523606
26.83	10.528228
26.84	10.532852
26.85	10.537477
26.86	10.542105
26.87	10.546734
26.88	10.551365
26.89	10.555998
26.90	10.560633
26.91	10.565270
26.92	10.569909
26.93	10.574549
26.94	10.579192
26.95	10.583837
26.96	10.588483
26.97	10.593132
26.98	10.597782
26.99	10.602435
27.00	10.607089
27.01	10.611746
27.02	10.616405
27.03	10.621065
27.04	10.625728
27.05	10.630393
27.06	10.635060
27.07	10.639729
27.08	10.644400
27.09	10.649074
27.10	10.653749
27.11	10.658427
27.12	10.663106
27.13	10.667788
27.14	10.672472
27.15	10.677159
27.16	10.681847
27.17	10.686538
27.18	10.691231
27.19	10.695926
27.20	10.700624
27.21	10.705324
27.22	10.710026
27.23	10.714730
27.24	10.719437
27.25	10.724146
27.26	10.728858
27.27	10.733572
27.28	10.738288
27.29	10.743006
27.30	10.747727
27.31	10.752451
27.32	10.757177
27.33	10.761905
27.34	10.766636
27.35	10.771369
27.36	10.776105
27.37	10.780844
27.38	10.785584
27.39	10.790328
27.40	10.795074
27.41	10.799822
27.42	10.804574
27.43	10.809327
27.44	10.814084
27.45	10.818843
27.46	10.823604
27.47	10.828369
27.48	10.833136
27.49	10.837906
27.50	10.842678
27.51	10.847453
27.52	10.852231
27.53	10.857012
27.54	10.861796
27.55	10.866582
27.56	10.871371
27.57	10.876164
27.58	10.880958
27.59	10.885756
27.60	10.890557
27.61	10.895361
27.62	10.900167
27.63	10.904977
27.64	10.909789
27.65	10.914605
27.66	10.919423
27.67	10.924245
27.68	10.929069
27.69	10.933897
27.70	10.938728
27.71	10.943562
27.72	10.948399
27.73	10.953239
27.74	10.958082
27.75	10.962929
27.76	10.967778
27.77	10.972631
27.78	10.977487
27.79	10.982347
27.80	10.987210
27.81	10.992076
27.82	10.996945
27.83	11.001818
27.84	11.006694
27.85	11.011573
27.86	11.016456
27.87	11.021343
27.88	11.026233
27.89	11.031126
27.90	11.036023
27.91	11.040923
27.92	11.045827
27.93	11.050735
27.94	11.055646
27.95	11.060560
27.96	11.065479
27.97	11.070401
27.98	11.075327
27.99	11.080256
28.00	11.085189
28.01	11.090126
28.02	11.095067
28.03	11.100012
28.04	11.104960
28.05	11.109913
28.06	11.114869
28.07	11.119829
28.08	11.124793
28.09	11.129761
28.10	11.134733
28.11	11.139710
28.12	11.144690
28.13	11.149674
28.14	11.154663
28.15	11.159655
28.16	11.164652
28.17	11.169653
28.18	11.174658
28.19	11.179667
28.20	11.184681
28.21	11.189699
28.22	11.194721
28.23	11.199748
28.24	11.204779
28.25	11.209815
28.26	11.214855
28.27	11.219899
28.28	11.224948
28.29	11.230002
28.30	11.235060
28.31	11.240123
28.32	11.245190
28.33	11.250262
28.34	11.255339
28.35	11.260421
28.36	11.265507
28.37	11.270598
28.38	11.275694
28.39	11.280795
28.40	11.285901
28.41	11.291012
28.42	11.296127
28.43	11.301248
28.44	11.306374
28.45	11.311505
28.46	11.316641
28.47	11.321782
28.48	11.326929
28.49	11.332080
28.50	11.337237
28.51	11.342400
28.52	11.347567
28.53	11.352740
28.54	11.357919
28.55	11.363103
28.56	11.368292
28.57	11.373487
28.58	11.378688
28.59	11.383894
28.60	11.389106
28.61	11.394324
28.62	11.399547
28.63	11.404776
28.64	11.410011
28.65	11.415252
28.66	11.420499
28.67	11.425752
28.68	11.431010
28.69	11.436275
28.70	11.441546
28.71	11.446823
28.72	11.452107
28.73	11.457396
28.74	11.462692
28.75	11.467994
28.76	11.473303
28.77	11.478618
28.78	11.483939
28.79	11.489267
28.80	11.494602
28.81	11.499943
28.82	11.505291
28.83	11.510646
28.84	11.516007
28.85	11.521375
28.86	11.526751
28.87	11.532133
28.88	11.537522
28.89	11.542918
28.90	11.548321
28.91	11.553732
28.92	11.559149
28.93	11.564574
28.94	11.570006
28.95	11.575446
28.96	11.580893
28.97	11.586348
28.98	11.591810
28.99	11.597280
29.00	11.602757
29.01	11.608242
29.02	11.613735
29.03	11.619236
29.04	11.624745
29.05	11.630261
29.06	11.635786
29.07	11.641319
29.08	11.646860
29.09	11.652410
29.10	11.657968
29.11	11.663534
29.12	11.669108
29.13	11.674691
29.14	11.680283
29.15	11.685883
29.16	11.691492
29.17	11.697110
29.18	11.702737
29.19	11.708373
29.20	11.714018
29.21	11.719671
29.22	11.725334
29.23	11.731007
29.24	11.736688
29.25	11.742380
29.26	11.748080
29.27	11.753790
29.28	11.759510
29.29	11.765239
29.30	11.770979
29.31	11.776728
29.32	11.782487
29.33	11.788257
29.34	11.794036
29.35	11.799826
29.36	11.805626
29.37	11.811436
29.38	11.817257
29.39	11.823089
29.40	11.828931
29.41	11.834784
29.42	11.840648
29.43	11.846523
29.44	11.852409
29.45	11.858306
29.46	11.864215
29.47	11.870135
29.48	11.876066
29.49	11.882009
29.50	11.887964
29.51	11.893930
29.52	11.899908
29.53	11.905899
29.54	11.911901
29.55	11.917916
29.56	11.923943
29.57	11.929982
29.58	11.936034
29.59	11.942099
29.60	11.948176
29.61	11.954266
29.62	11.960370
29.63	11.966486
29.64	11.972616
29.65	11.978759
29.66	11.984916
29.67	11.991086
29.68	11.997270
29.69	12.003468
29.70	12.009681
29.71	12.015907
29.72	12.022147
29.73	12.028402
29.74	12.034672
29.75	12.040956
29.76	12.047255
29.77	12.053569
29.78	12.059899
29.79	12.066243
29.80	12.072603
29.81	12.078979
29.82	12.085370
29.83	12.091778
29.84	12.098201
29.85	12.104641
29.86	12.111097
29.87	12.117569
29.88	12.124058
29.89	12.130565
29.90	12.137088
29.91	12.143628
29.92	12.150186
29.93	12.156761
29.94	12.163354
29.95	12.169965
29.96	12.176594
29.97	12.183242
29.98	12.189908
29.99	12.196592
30.00	12.203296
