# energy grid [eV]     epsr_x  epsr_y  epsr_z
# plasmon frequences [eV]:    16.815119473   16.815119472   16.815119206
    
    0.121234469-8422.533743690-8422.533740978-8422.533740545
    0.161312625-4754.369433316-4754.369431979-4754.369440286
    0.201390782-3047.959762554-3047.959761857-3047.959774230
    0.241468938-2118.108789301-2118.108788952-2118.108803541
    0.281547094-1556.231416829-1556.231416691-1556.231432619
    0.321625251-1190.978333936-1190.978333935-1190.978350734
    0.361703407 -940.260923874 -940.260923967 -940.260941364
    0.401781563 -760.753059619 -760.753059779 -760.753077604
    0.441859719 -627.833759027 -627.833759236 -627.833777378
    0.481937876 -526.671267396 -526.671267644 -526.671286028
    0.522016032 -447.898390965 -447.898391242 -447.898409814
    0.562094188 -385.363150625 -385.363150925 -385.363169647
    0.602172345 -334.889950283 -334.889950603 -334.889969446
    0.642250501 -293.563866613 -293.563866948 -293.563885890
    0.682328657 -259.300029817 -259.300030165 -259.300049189
    0.722406814 -230.575327778 -230.575328137 -230.575347231
    0.762484970 -206.256091431 -206.256091799 -206.256110951
    0.802563126 -185.484434576 -185.484434952 -185.484454155
    0.842641283 -167.601492354 -167.601492736 -167.601511983
    0.882719439 -152.094477155 -152.094477543 -152.094496829
    0.922797595 -138.559465851 -138.559466245 -138.559485563
    0.962875752 -126.674794492 -126.674794890 -126.674814238
    1.002953908 -116.181740455 -116.181740857 -116.181760232
    1.043032064 -106.870296887 -106.870297292 -106.870316691
    1.083110220  -98.568561090  -98.568561498  -98.568580917
    1.123188377  -91.134724366  -91.134724777  -91.134744216
    1.163266533  -84.450959127  -84.450959540  -84.450978996
    1.203344689  -78.418706442  -78.418706858  -78.418726330
    1.243422846  -72.955008940  -72.955009358  -72.955028845
    1.283501002  -67.989632092  -67.989632512  -67.989652012
    1.323579158  -63.462785849  -63.462786270  -63.462805783
    1.363657315  -59.323307576  -59.323307999  -59.323327524
    1.403735471  -55.527202396  -55.527202820  -55.527222356
    1.443813627  -52.036462639  -52.036463065  -52.036482610
    1.483891784  -48.818106848  -48.818107275  -48.818126831
    1.523969940  -45.843392665  -45.843393093  -45.843412658
    1.564048096  -43.087168290  -43.087168719  -43.087188292
    1.604126253  -40.527335035  -40.527335466  -40.527355047
    1.644204409  -38.144399382  -38.144399814  -38.144419403
    1.684282565  -35.921097495  -35.921097927  -35.921117524
    1.724360721  -33.842078595  -33.842079028  -33.842098633
    1.764438878  -31.893636288  -31.893636722  -31.893656333
    1.804517034  -30.063478977  -30.063479412  -30.063499030
    1.844595190  -28.340532115  -28.340532550  -28.340552175
    1.884673347  -26.714766227  -26.714766663  -26.714786294
    1.924751503  -25.177045588  -25.177046025  -25.177065663
    1.964829659  -23.718993057  -23.718993494  -23.719013138
    2.004907816  -22.332867012  -22.332867450  -22.332887101
    2.044985972  -21.011446545  -21.011446983  -21.011466640
    2.085064128  -19.747921011  -19.747921449  -19.747941113
    2.125142285  -18.535779794  -18.535780233  -18.535799903
    2.165220441  -17.368697515  -17.368697955  -17.368717631
    2.205298597  -16.240408960  -16.240409400  -16.240429083
    2.245376754  -15.144566605  -15.144567046  -15.144586735
    2.285454910  -14.074571796  -14.074572237  -14.074591934
    2.325533066  -13.023368734  -13.023369176  -13.023388880
    2.365611222  -11.983189801  -11.983190243  -11.983209955
    2.405689379  -10.945245781  -10.945246224  -10.945265944
    2.445767535   -9.899378663   -9.899379106   -9.899398835
    2.485845691   -8.833779060   -8.833779504   -8.833799243
    2.525923848   -7.735142157   -7.735142601   -7.735162350
    2.566002004   -6.590500117   -6.590500562   -6.590520323
    2.606080160   -5.394723317   -5.394723763   -5.394743535
    2.646158317   -4.176227277   -4.176227723   -4.176247500
    2.686236473   -3.075180407   -3.075180854   -3.075200613
    2.726314629   -2.513157792   -2.513158242   -2.513177926
    2.766392786   -3.159946137   -3.159946588   -3.159966157
    2.806470942   -4.889593755   -4.889594205   -4.889613748
    2.846549098   -6.587266098   -6.587266542   -6.587286152
    2.886627255   -7.427142768   -7.427143207   -7.427162895
    2.926705411   -7.515888433   -7.515888871   -7.515908591
    2.966783567   -7.314547285   -7.314547723   -7.314567459
    3.006861723   -7.044863244   -7.044863682   -7.044883403
    3.046939880   -7.167883403   -7.167883842   -7.167903533
    3.087018036   -7.292454916   -7.292455355   -7.292475096
    3.127096192   -6.723379541   -6.723379981   -6.723399789
    3.167174349   -5.733890309   -5.733890748   -5.733910582
    3.207252505   -4.831851737   -4.831852176   -4.831872000
    3.247330661   -4.301612164   -4.301612605   -4.301632384
    3.287408818   -4.451115804   -4.451116247   -4.451135959
    3.327486974   -5.325186625   -5.325187068   -5.325206768
    3.367565130   -5.918266753   -5.918267196   -5.918286967
    3.407643287   -5.810669819   -5.810670261   -5.810690085
    3.447721443   -5.445181024   -5.445181466   -5.445201295
    3.487799599   -5.212915308   -5.212915749   -5.212935574
    3.527877756   -4.854195763   -4.854196203   -4.854216057
    3.567955912   -4.167248136   -4.167248576   -4.167268457
    3.608034068   -3.541786686   -3.541787127   -3.541807014
    3.648112224   -3.306102619   -3.306103062   -3.306122942
    3.688190381   -3.103599632   -3.103600080   -3.103619947
    3.728268537   -2.622876682   -2.622877132   -2.622896992
    3.768346693   -2.242046887   -2.242047338   -2.242067192
    3.808424850   -2.163232765   -2.163233216   -2.163253071
    3.848503006   -2.041963336   -2.041963787   -2.041983652
    3.888581162   -1.759983591   -1.759984042   -1.760003909
    3.928659319   -1.452645862   -1.452646313   -1.452666180
    3.968737475   -1.200928144   -1.200928594   -1.200948453
    4.008815631   -1.178660428   -1.178660879   -1.178680745
    4.048893788   -1.410920081   -1.410920532   -1.410940429
    4.088971944   -2.065936692   -2.065937143   -2.065957058
    4.129050100   -2.699224110   -2.699224561   -2.699244482
    4.169128257   -2.937409186   -2.937409637   -2.937429551
    4.209206413   -3.492829179   -3.492829630   -3.492849497
    4.249284569   -5.000656549   -5.000656997   -5.000676848
    4.289362725   -6.357300642   -6.357301087   -6.357321004
    4.329440882   -6.479519766   -6.479520209   -6.479540193
    4.369519038   -5.720940036   -5.720940479   -5.720960493
    4.409597194   -4.721719990   -4.721720434   -4.721740450
    4.449675351   -3.906913673   -3.906914118   -3.906934115
    4.489753507   -3.509437498   -3.509437943   -3.509457915
    4.529831663   -3.385818763   -3.385819208   -3.385839170
    4.569909820   -3.432536678   -3.432537124   -3.432557067
    4.609987976   -3.564718602   -3.564719050   -3.564739007
    4.650066132   -3.403496918   -3.403497367   -3.403517375
    4.690144289   -3.008550059   -3.008550508   -3.008570555
    4.730222445   -2.611665525   -2.611665974   -2.611686033
    4.770300601   -2.206250476   -2.206250924   -2.206270973
    4.810378758   -1.834983588   -1.834984036   -1.835004070
    4.850456914   -1.562843786   -1.562844234   -1.562864265
    4.890535070   -1.173266966   -1.173267414   -1.173287460
    4.930613226   -0.595700323   -0.595700771   -0.595720825
    4.970691383   -0.249033821   -0.249034269   -0.249054301
    5.010769539   -0.778599823   -0.778600272   -0.778620268
    5.050847695   -2.210046411   -2.210046861   -2.210066875
    5.090925852   -3.843372819   -3.843373271   -3.843393331
    5.131004008   -4.834207794   -4.834208246   -4.834228338
    5.171082164   -4.812441204   -4.812441654   -4.812461766
    5.211160321   -4.264169274   -4.264169723   -4.264189846
    5.251238477   -3.605282835   -3.605283284   -3.605303413
    5.291316633   -2.972986985   -2.972987434   -2.973007568
    5.331394790   -2.393292858   -2.393293307   -2.393313444
    5.371472946   -2.015858282   -2.015858731   -2.015878861
    5.411551102   -2.109061270   -2.109061718   -2.109081826
    5.451629259   -2.920472647   -2.920473094   -2.920493180
    5.491707415   -4.064891149   -4.064891596   -4.064911703
    5.531785571   -4.702591784   -4.702592231   -4.702612378
    5.571863727   -4.742742814   -4.742743261   -4.742763436
    5.611941884   -4.470622766   -4.470623213   -4.470643403
    5.652020040   -4.068909399   -4.068909845   -4.068930045
    5.692098196   -3.531180910   -3.531181356   -3.531201566
    5.732176353   -2.901151441   -2.901151886   -2.901172103
    5.772254509   -2.318877847   -2.318878293   -2.318898509
    5.812332665   -1.996604639   -1.996605086   -1.996625299
    5.852410822   -2.139717496   -2.139717945   -2.139738163
    5.892488978   -2.743423846   -2.743424297   -2.743444524
    5.932567134   -3.498632008   -3.498632460   -3.498652689
    5.972645291   -4.129881113   -4.129881568   -4.129901805
    6.012723447   -4.334393910   -4.334394367   -4.334414628
    6.052801603   -4.074607446   -4.074607905   -4.074628186
    6.092879760   -3.606349515   -3.606349974   -3.606370267
    6.132957916   -3.126290635   -3.126291093   -3.126311393
    6.173036072   -2.697751607   -2.697752065   -2.697772372
    6.213114228   -2.304266158   -2.304266615   -2.304286929
    6.253192385   -1.919725558   -1.919726015   -1.919746337
    6.293270541   -1.507735995   -1.507736452   -1.507756785
    6.333348697   -1.089099456   -1.089099913   -1.089120256
    6.373426854   -0.730675176   -0.730675634   -0.730695982
    6.413505010   -0.507409607   -0.507410066   -0.507430414
    6.453583166   -0.538215005   -0.538215464   -0.538235806
    6.493661323   -0.851998488   -0.851998946   -0.852019289
    6.533739479   -1.165143075   -1.165143533   -1.165163891
    6.573817635   -1.289301261   -1.289301717   -1.289322088
    6.613895792   -1.390937853   -1.390938307   -1.390958688
    6.653973948   -1.605260039   -1.605260492   -1.605280889
    6.694052104   -1.975793165   -1.975793617   -1.975814028
    6.734130261   -2.252186608   -2.252187061   -2.252207489
    6.774208417   -2.172764052   -2.172764506   -2.172784950
    6.814286573   -1.823387605   -1.823388059   -1.823408515
    6.854364729   -1.400067687   -1.400068141   -1.400088606
    6.894442886   -1.045498361   -1.045498816   -1.045519290
    6.934521042   -0.857513777   -0.857514233   -0.857534713
    6.974599198   -0.792837875   -0.792838331   -0.792858816
    7.014677355   -0.709989586   -0.709990042   -0.710010534
    7.054755511   -0.553116991   -0.553117447   -0.553137950
    7.094833667   -0.421541126   -0.421541582   -0.421562095
    7.134911824   -0.521623347   -0.521623803   -0.521644323
    7.174989980   -0.817561013   -0.817561468   -0.817581998
    7.215068136   -1.114587670   -1.114588127   -1.114608667
    7.255146293   -1.354643351   -1.354643808   -1.354664359
    7.295224449   -1.426652502   -1.426652959   -1.426673521
    7.335302605   -1.312678729   -1.312679187   -1.312699761
    7.375380762   -1.209862844   -1.209863302   -1.209883886
    7.415458918   -1.266818878   -1.266819335   -1.266839928
    7.455537074   -1.428339973   -1.428340430   -1.428361033
    7.495615230   -1.524217181   -1.524217639   -1.524238257
    7.535693387   -1.451321695   -1.451322153   -1.451342787
    7.575771543   -1.262265577   -1.262266036   -1.262286682
    7.615849699   -1.024215718   -1.024216176   -1.024236833
    7.655927856   -0.799548144   -0.799548603   -0.799569268
    7.696006012   -0.642494833   -0.642495292   -0.642515967
    7.736084168   -0.587049698   -0.587050158   -0.587070843
    7.776162325   -0.532155841   -0.532156300   -0.532176997
    7.816240481   -0.399718949   -0.399719409   -0.399740119
    7.856318637   -0.247900346   -0.247900806   -0.247921529
    7.896396794   -0.162960039   -0.162960499   -0.162981232
    7.936474950   -0.176457809   -0.176458268   -0.176479010
    7.976553106   -0.188828576   -0.188829036   -0.188849790
    8.016631263   -0.111437774   -0.111438234   -0.111459004
    8.056709419    0.030509080    0.030508620    0.030487834
    8.096787575    0.161656587    0.161656127    0.161635325
    8.136865731    0.248307096    0.248306636    0.248285819
    8.176943888    0.349780116    0.349779656    0.349758829
    8.217022044    0.405019476    0.405019015    0.404998184
    8.257100200    0.277343702    0.277343241    0.277322407
    8.297178357    0.124484531    0.124484071    0.124463225
    8.337256513    0.149697180    0.149696719    0.149675858
    8.377334669    0.252957800    0.252957339    0.252936467
    8.417412826    0.285677955    0.285677493    0.285656611
    8.457490982    0.309179487    0.309179025    0.309158126
    8.497569138    0.378762892    0.378762429    0.378741514
    8.537647295    0.460487818    0.460487355    0.460466426
    8.577725451    0.577840232    0.577839769    0.577818829
    8.617803607    0.689140154    0.689139691    0.689118741
    8.657881764    0.740010356    0.740009893    0.739988928
    8.697959920    0.706340403    0.706339939    0.706318958
    8.738038076    0.639232872    0.639232408    0.639211411
    8.778116232    0.639699895    0.639699431    0.639678422
    8.818194389    0.664991317    0.664990853    0.664969835
    8.858272545    0.512980118    0.512979653    0.512958620
    8.898350701    0.156469988    0.156469524    0.156448468
    8.938428858   -0.122332630   -0.122333095   -0.122354169
    8.978507014   -0.163207602   -0.163208067   -0.163229151
    9.018585170   -0.125212208   -0.125212674   -0.125233765
    9.058663327   -0.157874668   -0.157875134   -0.157896230
    9.098741483   -0.266087480   -0.266087945   -0.266109047
    9.138819639   -0.325314394   -0.325314860   -0.325335974
    9.178897796   -0.219417197   -0.219417663   -0.219438797
    9.218975952    0.004820802    0.004820336    0.004799185
    9.259054108    0.206633312    0.206632847    0.206611681
    9.299132265    0.303974212    0.303973747    0.303952565
    9.339210421    0.343653777    0.343653312    0.343632115
    9.379288577    0.394981673    0.394981209    0.394959999
    9.419366733    0.428506583    0.428506119    0.428484899
    9.459444890    0.435724943    0.435724479    0.435703246
    9.499523046    0.518598272    0.518597807    0.518576559
    9.539601202    0.677532997    0.677532533    0.677511268
    9.579679359    0.805859147    0.805858683    0.805837403
    9.619757515    0.752989061    0.752988597    0.752967304
    9.659835671    0.576622433    0.576621968    0.576600657
    9.699913828    0.489320794    0.489320330    0.489298998
    9.739991984    0.481998541    0.481998077    0.481976728
    9.780070140    0.421099690    0.421099226    0.421077861
    9.820148297    0.345526187    0.345525723    0.345504345
    9.860226453    0.284738100    0.284737636    0.284716247
    9.900304609    0.206301246    0.206300781    0.206279380
    9.940382766    0.144285045    0.144284580    0.144263160
    9.980460922    0.127821305    0.127820840    0.127799404
   10.020539078    0.082695166    0.082694700    0.082673250
   10.060617234    0.027217507    0.027217040    0.027195572
   10.100695391    0.064042510    0.064042043    0.064020556
   10.140773547    0.171762000    0.171761533    0.171740027
   10.180851703    0.295446510    0.295446043    0.295424520
   10.220929860    0.421972971    0.421972504    0.421950965
   10.261008016    0.565445694    0.565445226    0.565423672
   10.301086172    0.675959010    0.675958542    0.675936971
   10.341164329    0.704419524    0.704419056    0.704397467
   10.381242485    0.681256102    0.681255634    0.681234026
   10.421320641    0.631422826    0.631422357    0.631400734
   10.461398798    0.582730599    0.582730130    0.582708494
   10.501476954    0.554473226    0.554472757    0.554451108
   10.541555110    0.490972569    0.490972100    0.490950439
   10.581633267    0.365700671    0.365700202    0.365678522
   10.621711423    0.271579331    0.271578862    0.271557160
   10.661789579    0.318733576    0.318733107    0.318711383
   10.701867735    0.509757076    0.509756607    0.509734863
   10.741945892    0.752152847    0.752152377    0.752130616
   10.782024048    0.930924080    0.930923610    0.930901833
   10.822102204    0.986359285    0.986358815    0.986337021
   10.862180361    0.983217842    0.983217373    0.983195560
   10.902258517    1.053610939    1.053610469    1.053588639
   10.942336673    1.160066724    1.160066254    1.160044408
   10.982414830    1.196293886    1.196293416    1.196271553
   11.022492986    1.096049964    1.096049494    1.096027616
   11.062571142    0.890460312    0.890459841    0.890437949
   11.102649299    0.740125710    0.740125238    0.740103332
   11.142727455    0.714071190    0.714070718    0.714048794
   11.182805611    0.814421500    0.814421028    0.814399082
   11.222883768    1.014661750    1.014661278    1.014639309
   11.262961924    1.243196455    1.243195983    1.243173991
   11.303040080    1.395786528    1.395786056    1.395764041
   11.343118236    1.428243707    1.428243235    1.428221198
   11.383196393    1.432247775    1.432247303    1.432225249
   11.423274549    1.514136670    1.514136197    1.514114131
   11.463352705    1.582160602    1.582160129    1.582138054
   11.503430862    1.487174963    1.487174489    1.487152403
   11.543509018    1.252329373    1.252328899    1.252306796
   11.583587174    1.021119312    1.021118838    1.021096713
   11.623665331    0.788237937    0.788237463    0.788215315
   11.663743487    0.446651616    0.446651143    0.446628969
   11.703821643    0.053201336    0.053200863    0.053178662
   11.743899800   -0.168245517   -0.168245990   -0.168268215
   11.783977956   -0.187279481   -0.187279955   -0.187302198
   11.824056112   -0.095017854   -0.095018328   -0.095040589
   11.864134269    0.007525948    0.007525473    0.007503194
   11.904212425    0.081320384    0.081319909    0.081297609
   11.944290581    0.208428989    0.208428513    0.208406190
   11.984368737    0.418763128    0.418762652    0.418740307
   12.024446894    0.627668388    0.627667911    0.627645546
   12.064525050    0.746380362    0.746379886    0.746357503
   12.104603206    0.751933066    0.751932590    0.751910190
   12.144681363    0.655586467    0.655585990    0.655563572
   12.184759519    0.557505746    0.557505269    0.557482828
   12.224837675    0.586494616    0.586494138    0.586471671
   12.264915832    0.673465505    0.673465027    0.673442536
   12.304993988    0.715554055    0.715553578    0.715531063
   12.345072144    0.690411072    0.690410594    0.690388058
   12.385150301    0.608798329    0.608797851    0.608775297
   12.425228457    0.568245400    0.568244922    0.568222349
   12.465306613    0.646101388    0.646100909    0.646078313
   12.505384770    0.799387571    0.799387091    0.799364472
   12.545462926    0.968442346    0.968441866    0.968419225
   12.585541082    1.132014560    1.132014080    1.131991417
   12.625619238    1.264786998    1.264786518    1.264763832
   12.665697395    1.338651673    1.338651193    1.338628484
   12.705775551    1.410846987    1.410846507    1.410823776
   12.745853707    1.548623271    1.548622792    1.548600038
   12.785931864    1.763774195    1.763773715    1.763750938
   12.826010020    2.038156158    2.038155678    2.038132877
   12.866088176    2.288264688    2.288264208    2.288241387
   12.906166333    2.380942095    2.380941615    2.380918779
   12.946244489    2.248431354    2.248430875    2.248408024
   12.986322645    1.932307632    1.932307152    1.932284278
   13.026400802    1.514186609    1.514186129    1.514163225
   13.066478958    1.205206856    1.205206374    1.205183443
   13.106557114    1.123927048    1.123926566    1.123903608
   13.146635271    1.156235553    1.156235071    1.156212090
   13.186713427    1.227742619    1.227742136    1.227719134
   13.226791583    1.323026429    1.323025946    1.323002921
   13.266869739    1.352800650    1.352800168    1.352777118
   13.306947896    1.222675380    1.222674898    1.222651821
   13.347026052    0.982998795    0.982998312    0.982975210
   13.387104208    0.772668163    0.772667679    0.772644554
   13.427182365    0.682959395    0.682958910    0.682935763
   13.467260521    0.624670267    0.624669781    0.624646612
   13.507338677    0.473390895    0.473390410    0.473367219
   13.547416834    0.158212136    0.158211652    0.158188440
   13.587494990   -0.185920610   -0.185921094   -0.185944332
   13.627573146   -0.301203277   -0.301203761   -0.301227030
   13.667651303   -0.165923378   -0.165923863   -0.165947161
   13.707729459    0.049577492    0.049577007    0.049553681
   13.747807615    0.210732909    0.210732424    0.210709071
   13.787885772    0.316304941    0.316304456    0.316281076
   13.827963928    0.448668999    0.448668514    0.448645106
   13.868042084    0.643111217    0.643110731    0.643087298
   13.908120240    0.817908998    0.817908513    0.817885058
   13.948198397    0.816571305    0.816570820    0.816547343
   13.988276553    0.626795207    0.626794722    0.626771221
   14.028354709    0.469024864    0.469024379    0.469000851
   14.068432866    0.405851471    0.405850986    0.405827429
   14.108511022    0.351035702    0.351035216    0.351011628
   14.148589178    0.349956095    0.349955610    0.349931989
   14.188667335    0.421852201    0.421851715    0.421828065
   14.228745491    0.506239170    0.506238684    0.506215011
   14.268823647    0.530189146    0.530188660    0.530164968
   14.308901804    0.483797482    0.483796996    0.483773279
   14.348979960    0.455480425    0.455479938    0.455456189
   14.389058116    0.479019509    0.479019022    0.478995238
   14.429136273    0.581665983    0.581665496    0.581641680
   14.469214429    0.704895000    0.704894512    0.704870670
   14.509292585    0.723776845    0.723776358    0.723752495
   14.549370741    0.571597984    0.571597497    0.571573616
   14.589448898    0.331678402    0.331677915    0.331654007
   14.629527054    0.198660555    0.198660067    0.198636123
   14.669605210    0.215908950    0.215908462    0.215884484
   14.709683367    0.284679973    0.284679485    0.284655477
   14.749761523    0.360852459    0.360851970    0.360827932
   14.789839679    0.448836260    0.448835771    0.448811703
   14.829917836    0.521873514    0.521873025    0.521848928
   14.869995992    0.497026392    0.497025903    0.497001777
   14.910074148    0.368118467    0.368117978    0.368093824
   14.950152305    0.275749141    0.275748651    0.275724469
   14.990230461    0.290845330    0.290844840    0.290820631
   15.030308617    0.335391764    0.335391273    0.335367036
   15.070386774    0.306752937    0.306752447    0.306728183
   15.110464930    0.165253867    0.165253377    0.165229088
   15.150543086   -0.045984142   -0.045984632   -0.046008955
   15.190621242   -0.175744731   -0.175745221   -0.175769586
   15.230699399   -0.200525456   -0.200525947   -0.200550352
   15.270777555   -0.173545268   -0.173545759   -0.173570198
   15.310855711   -0.097584125   -0.097584616   -0.097609080
   15.350933868    0.011326220    0.011325728    0.011301238
   15.391012024    0.140650187    0.140649695    0.140625173
   15.431090180    0.287450146    0.287449654    0.287425098
   15.471168337    0.430328713    0.430328222    0.430303633
   15.511246493    0.510833397    0.510832905    0.510808286
   15.551324649    0.483705307    0.483704815    0.483680165
   15.591402806    0.392797044    0.392796551    0.392771866
   15.631480962    0.338572528    0.338572034    0.338547314
   15.671559118    0.367599407    0.367598913    0.367574159
   15.711637275    0.447632537    0.447632042    0.447607256
   15.751715431    0.535644435    0.535643940    0.535619122
   15.791793587    0.621158303    0.621157808    0.621132955
   15.831871743    0.692514060    0.692513565    0.692488681
   15.871949900    0.678750646    0.678750152    0.678725237
   15.912028056    0.574777644    0.574777150    0.574752200
   15.952106212    0.441351044    0.441350551    0.441325564
   15.992184369    0.289835395    0.289834902    0.289809881
   16.032262525    0.127066374    0.127065880    0.127040829
   16.072340681   -0.026714956   -0.026715450   -0.026740530
   16.112418838   -0.120401263   -0.120401757   -0.120426870
   16.152496994   -0.128025398   -0.128025893   -0.128051041
   16.192575150   -0.070725201   -0.070725696   -0.070750881
   16.232653307    0.047912343    0.047911848    0.047886623
   16.272731463    0.184464569    0.184464074    0.184438812
   16.312809619    0.231028743    0.231028248    0.231002951
   16.352887776    0.165703999    0.165703504    0.165678171
   16.392965932    0.136239688    0.136239192    0.136213821
   16.433044088    0.203387049    0.203386554    0.203361144
   16.473122244    0.315739964    0.315739468    0.315714024
   16.513200401    0.424264615    0.424264119    0.424238642
   16.553278557    0.488978137    0.488977640    0.488952129
   16.593356713    0.548845500    0.548845003    0.548819452
   16.633434870    0.592375534    0.592375037    0.592349449
   16.673513026    0.541703006    0.541702509    0.541676884
   16.713591182    0.384913488    0.384912991    0.384887329
   16.753669339    0.162314462    0.162313964    0.162288263
   16.793747495   -0.033906231   -0.033906729   -0.033932469
   16.833825651   -0.109200488   -0.109200988   -0.109226766
   16.873903808   -0.063328206   -0.063328706   -0.063354523
   16.913981964    0.037373513    0.037373013    0.037347156
   16.954060120    0.148927099    0.148926598    0.148900701
   16.994138277    0.222525956    0.222525455    0.222499518
   17.034216433    0.247463130    0.247462629    0.247436652
   17.074294589    0.276697218    0.276696717    0.276670700
   17.114372745    0.327446830    0.327446329    0.327420274
   17.154450902    0.370498939    0.370498439    0.370472346
   17.194529058    0.418549832    0.418549331    0.418523199
   17.234607214    0.513921022    0.513920521    0.513894349
   17.274685371    0.618141191    0.618140690    0.618114478
   17.314763527    0.697493973    0.697493472    0.697467218
   17.354841683    0.731484842    0.731484341    0.731458046
   17.394919840    0.692056301    0.692055800    0.692029468
   17.434997996    0.572892023    0.572891522    0.572865150
   17.475076152    0.382342846    0.382342346    0.382315934
   17.515154309    0.164533893    0.164533392    0.164506939
   17.555232465    0.004976661    0.004976160    0.004949666
   17.595310621   -0.053288534   -0.053289034   -0.053315573
   17.635388778   -0.035910660   -0.035911161   -0.035937744
   17.675466934    0.022510663    0.022510162    0.022483535
   17.715545090    0.108794925    0.108794424    0.108767754
   17.755623246    0.201675777    0.201675276    0.201648565
   17.795701403    0.244174721    0.244174219    0.244147466
   17.835779559    0.236273520    0.236273017    0.236246217
   17.875857715    0.261101651    0.261101147    0.261074298
   17.915935872    0.335454119    0.335453614    0.335426719
   17.956014028    0.399072613    0.399072108    0.399045166
   17.996092184    0.423677794    0.423677290    0.423650299
   18.036170341    0.448533872    0.448533368    0.448506332
   18.076248497    0.516166386    0.516165882    0.516138806
   18.116326653    0.624332565    0.624332060    0.624304942
   18.156404810    0.739975332    0.739974827    0.739947666
   18.196482966    0.818027527    0.818027023    0.817999818
   18.236561122    0.839736489    0.839735984    0.839708735
   18.276639279    0.812543583    0.812543079    0.812515785
   18.316717435    0.766223227    0.766222723    0.766195381
   18.356795591    0.778494351    0.778493848    0.778466455
   18.396873747    0.867294527    0.867294023    0.867266580
   18.436951904    0.964684756    0.964684253    0.964656761
   18.477030060    1.029907245    1.029906741    1.029879202
   18.517108216    1.032378949    1.032378445    1.032350863
   18.557186373    0.898080579    0.898080075    0.898052450
   18.597264529    0.706062331    0.706061827    0.706034151
   18.637342685    0.604471188    0.604470684    0.604442952
   18.677420842    0.565679238    0.565678733    0.565650952
   18.717498998    0.541487409    0.541486905    0.541459077
   18.757577154    0.463428917    0.463428413    0.463400540
   18.797655311    0.322289372    0.322288868    0.322260948
   18.837733467    0.187788372    0.187787868    0.187759895
   18.877811623    0.091632163    0.091631659    0.091603629
   18.917889780    0.033012812    0.033012308    0.032984223
   18.957967936    0.024955280    0.024954775    0.024926637
   18.998046092    0.082259009    0.082258505    0.082230316
   19.038124248    0.205463071    0.205462567    0.205434328
   19.078202405    0.347317948    0.347317443    0.347289154
   19.118280561    0.464980828    0.464980324    0.464951983
   19.158358717    0.552116370    0.552115866    0.552087473
   19.198436874    0.598113038    0.598112534    0.598084088
   19.238515030    0.613705725    0.613705221    0.613676722
   19.278593186    0.640423204    0.640422700    0.640394147
   19.318671343    0.725510691    0.725510187    0.725481580
   19.358749499    0.862105777    0.862105273    0.862076610
   19.398827655    0.999202112    0.999201608    0.999172888
   19.438905812    1.090060168    1.090059664    1.090030889
   19.478983968    1.114749853    1.114749349    1.114720522
   19.519062124    1.068584148    1.068583643    1.068554767
   19.559140281    1.021689549    1.021689045    1.021660113
   19.599218437    1.004544801    1.004544297    1.004515308
   19.639296593    0.933214750    0.933214247    0.933185203
   19.679374749    0.790946056    0.790945552    0.790916453
   19.719452906    0.693947460    0.693946955    0.693917797
   19.759531062    0.728801508    0.728801002    0.728771784
   19.799609218    0.857931271    0.857930766    0.857901488
   19.839687375    1.013075648    1.013075142    1.013045806
   19.879765531    1.163280238    1.163279732    1.163250339
   19.919843687    1.287477117    1.287476611    1.287447159
   19.959921844    1.360060379    1.360059873    1.360030361
   20.000000000    1.387752367    1.387751862    1.387722287