 # energy grid [eV]     epsr_x  epsr_y  epsr_z
# plasmon frequences [eV]:    12.215284104   12.215284032   12.215284078

    0.121234469-8247.683964363-8247.683968765-8247.683964958
    0.161312625-4657.360432615-4657.360437012-4657.360433676
    0.201390782-2987.164276095-2987.164280490-2987.164277372
    0.241468938-2077.049220271-2077.049224664-2077.049221665
    0.281547094-1527.100284383-1527.100288775-1527.100285848
    0.321625251-1169.604170796-1169.604175187-1169.604172307
    0.361703407 -924.214180829 -924.214185220 -924.214182373
    0.401781563 -748.523573598 -748.523577990 -748.523575165
    0.441859719 -618.433834766 -618.433839157 -618.433836349
    0.481937876 -519.427953464 -519.427957856 -519.427955060
    0.522016032 -442.337524586 -442.337528978 -442.337526192
    0.562094188 -381.141133355 -381.141137746 -381.141134968
    0.602172345 -331.751811598 -331.751815989 -331.751813218
    0.642250501 -291.316514879 -291.316519270 -291.316516504
    0.682328657 -257.794641072 -257.794645463 -257.794642702
    0.722406814 -229.695427865 -229.695432256 -229.695429498
    0.762484970 -205.909294798 -205.909299190 -205.909296435
    0.802563126 -185.596595135 -185.596599527 -185.596596774
    0.842641283 -168.112483420 -168.112487812 -168.112485062
    0.882719439 -152.955095116 -152.955099508 -152.955096760
    0.922797595 -139.729123764 -139.729128156 -139.729125409
    0.962875752 -128.119780560 -128.119784952 -128.119782207
    1.002953908 -117.873886788 -117.873891181 -117.873888437
    1.043032064 -108.785950534 -108.785954927 -108.785952184
    1.083110220 -100.687780701 -100.687785094 -100.687782352
    1.123188377  -93.440647355  -93.440651749  -93.440649007
    1.163266533  -86.929299131  -86.929303525  -86.929300784
    1.203344689  -81.057351457  -81.057355852  -81.057353111
    1.243422846  -75.743698027  -75.743702422  -75.743699682
    1.283501002  -70.919694048  -70.919698443  -70.919695703
    1.323579158  -66.526927227  -66.526931622  -66.526928883
    1.363657315  -62.515440415  -62.515444811  -62.515442072
    1.403735471  -58.842304254  -58.842308650  -58.842305911
    1.443813627  -55.470463226  -55.470467622  -55.470464884
    1.483891784  -52.367796841  -52.367801238  -52.367798500
    1.523969940  -49.506351325  -49.506355723  -49.506352984
    1.564048096  -46.861707302  -46.861711700  -46.861708962
    1.604126253  -44.412456648  -44.412461047  -44.412458309
    1.644204409  -42.139767490  -42.139771889  -42.139769151
    1.684282565  -40.027020770  -40.027025169  -40.027022431
    1.724360721  -38.059505230  -38.059509630  -38.059506892
    1.764438878  -36.224160323  -36.224164723  -36.224161985
    1.804517034  -34.509358627  -34.509363027  -34.509360289
    1.844595190  -32.904720970  -32.904725371  -32.904722633
    1.884673347  -31.400958765  -31.400963167  -31.400960428
    1.924751503  -29.989739054  -29.989743456  -29.989740718
    1.964829659  -28.663568604  -28.663573007  -28.663570268
    2.004907816  -27.415694026  -27.415698429  -27.415695690
    2.044985972  -26.240015420  -26.240019824  -26.240017085
    2.085064128  -25.131011488  -25.131015892  -25.131013153
    2.125142285  -24.083674377  -24.083678782  -24.083676042
    2.165220441  -23.093452821  -23.093457227  -23.093454487
    2.205298597  -22.156202360  -22.156206766  -22.156204026
    2.245376754  -21.268141607  -21.268146013  -21.268143273
    2.285454910  -20.425813692  -20.425818100  -20.425815359
    2.325533066  -19.626052131  -19.626056539  -19.626053798
    2.365611222  -18.865950449  -18.865954857  -18.865952116
    2.405689379  -18.142835008  -18.142839417  -18.142836676
    2.445767535  -17.454240521  -17.454244931  -17.454242189
    2.485845691  -16.797887862  -16.797892273  -16.797889530
    2.525923848  -16.171663965  -16.171668376  -16.171665633
    2.566002004  -15.573604164  -15.573608576  -15.573605833
    2.606080160  -15.001878998  -15.001883410  -15.001880667
    2.646158317  -14.454792696  -14.454797109  -14.454794365
    2.686236473  -13.930817008  -13.930821422  -13.930818678
    2.726314629  -13.428730977  -13.428735392  -13.428732647
    2.766392786  -12.948015706  -12.948020121  -12.948017376
    2.806470942  -12.489390262  -12.489394678  -12.489391932
    2.846549098  -12.054091792  -12.054096209  -12.054093463
    2.886627255  -11.641618003  -11.641622421  -11.641619674
    2.926705411  -11.245190569  -11.245194988  -11.245192241
    2.966783567  -10.856183230  -10.856187649  -10.856184903
    3.006861723  -10.475069670  -10.475074090  -10.475071343
    3.046939880  -10.104735288  -10.104739709  -10.104736962
    3.087018036   -9.746605595   -9.746610017   -9.746607268
    3.127096192   -9.401492342   -9.401496765   -9.401494016
    3.167174349   -9.069042988   -9.069047412   -9.069044662
    3.207252505   -8.750571237   -8.750575661   -8.750572911
    3.247330661   -8.458217450   -8.458221876   -8.458219124
    3.287408818   -8.211691558   -8.211695985   -8.211693231
    3.327486974   -7.996083203   -7.996087630   -7.996084877
    3.367565130   -7.759475297   -7.759479725   -7.759476974
    3.407643287   -7.495113198   -7.495117626   -7.495114875
    3.447721443   -7.222139241   -7.222143671   -7.222140919
    3.487799599   -6.951146193   -6.951150623   -6.951147871
    3.527877756   -6.685049787   -6.685054219   -6.685051466
    3.567955912   -6.423438255   -6.423442688   -6.423439934
    3.608034068   -6.165454124   -6.165458557   -6.165455803
    3.648112224   -5.912903247   -5.912907682   -5.912904927
    3.688190381   -5.675327641   -5.675332077   -5.675329320
    3.728268537   -5.482191265   -5.482195701   -5.482192942
    3.768346693   -5.383736049   -5.383740487   -5.383737725
    3.808424850   -5.359553759   -5.359558198   -5.359555437
    3.848503006   -5.283403811   -5.283408251   -5.283405493
    3.888581162   -5.138913726   -5.138918167   -5.138915409
    3.928659319   -4.997417993   -4.997422435   -4.997419676
    3.968737475   -4.872178166   -4.872182609   -4.872179850
    4.008815631   -4.715933902   -4.715938346   -4.715935587
    4.048893788   -4.525414773   -4.525419218   -4.525416459
    4.088971944   -4.322728164   -4.322732610   -4.322729851
    4.129050100   -4.119517288   -4.119521736   -4.119518975
    4.169128257   -3.918880911   -3.918885360   -3.918882598
    4.209206413   -3.721888645   -3.721893095   -3.721890333
    4.249284569   -3.535011902   -3.535016353   -3.535013590
    4.289362725   -3.378908998   -3.378913450   -3.378910685
    4.329440882   -3.282396382   -3.282400836   -3.282398069
    4.369519038   -3.222261890   -3.222266345   -3.222263578
    4.409597194   -3.148915823   -3.148920279   -3.148917512
    4.449675351   -3.094991386   -3.094995844   -3.094993075
    4.489753507   -3.062833847   -3.062838305   -3.062835536
    4.529831663   -3.007990304   -3.007994764   -3.007991995
    4.569909820   -2.972323544   -2.972328005   -2.972325233
    4.609987976   -2.963993196   -2.963997659   -2.963994887
    4.650066132   -2.898866824   -2.898871288   -2.898868517
    4.690144289   -2.767418351   -2.767422816   -2.767420046
    4.730222445   -2.609375472   -2.609379938   -2.609377167
    4.770300601   -2.447135702   -2.447140170   -2.447137398
    4.810378758   -2.288298069   -2.288302538   -2.288299765
    4.850456914   -2.136436396   -2.136440866   -2.136438092
    4.890535070   -1.997165310   -1.997169782   -1.997167007
    4.930613226   -1.877868190   -1.877872663   -1.877869887
    4.970691383   -1.770339061   -1.770343536   -1.770340759
    5.010769539   -1.651770002   -1.651774478   -1.651771701
    5.050847695   -1.533270549   -1.533275027   -1.533272248
    5.090925852   -1.459769016   -1.459773495   -1.459770715
    5.131004008   -1.459321274   -1.459325754   -1.459322972
    5.171082164   -1.466814980   -1.466819461   -1.466816679
    5.211160321   -1.436166688   -1.436171171   -1.436168388
    5.251238477   -1.393455936   -1.393460421   -1.393457637
    5.291316633   -1.334261624   -1.334266110   -1.334263325
    5.331394790   -1.274199078   -1.274203566   -1.274200780
    5.371472946   -1.219437211   -1.219441700   -1.219438914
    5.411551102   -1.132665350   -1.132669841   -1.132667055
    5.451629259   -1.012920963   -1.012925455   -1.012922669
    5.491707415   -0.880437664   -0.880442157   -0.880439370
    5.531785571   -0.746510208   -0.746514703   -0.746511916
    5.571863727   -0.616523968   -0.616528464   -0.616525676
    5.611941884   -0.492957628   -0.492962126   -0.492959337
    5.652020040   -0.369355743   -0.369360242   -0.369357452
    5.692098196   -0.238785455   -0.238789956   -0.238787165
    5.732176353   -0.109431881   -0.109436384   -0.109433592
    5.772254509   -0.002790868   -0.002795373   -0.002792580
    5.812332665    0.063841787    0.063837281    0.063840075
    5.852410822    0.112078988    0.112074479    0.112077274
    5.892488978    0.168271126    0.168266616    0.168269411
    5.932567134    0.260699287    0.260694775    0.260697570
    5.972645291    0.394573305    0.394568791    0.394571586
    6.012723447    0.528605488    0.528600974    0.528603770
    6.052801603    0.621854255    0.621849738    0.621852537
    6.092879760    0.667600595    0.667596076    0.667598879
    6.132957916    0.711253443    0.711248922    0.711251727
    6.173036072    0.780634627    0.780630105    0.780632912
    6.213114228    0.836854234    0.836849711    0.836852521
    6.253192385    0.841293281    0.841288756    0.841291569
    6.293270541    0.783863030    0.783858502    0.783861320
    6.333348697    0.713437375    0.713432846    0.713435665
    6.373426854    0.703608320    0.703603790    0.703606609
    6.413505010    0.724394994    0.724390462    0.724393284
    6.453583166    0.732445053    0.732440519    0.732443342
    6.493661323    0.736640737    0.736636201    0.736639021
    6.533739479    0.723389641    0.723385103    0.723387923
    6.573817635    0.701834320    0.701829780    0.701832601
    6.613895792    0.719424734    0.719420192    0.719423013
    6.653973948    0.767283354    0.767278810    0.767281632
    6.694052104    0.810881761    0.810877216    0.810880040
    6.734130261    0.814623543    0.814618996    0.814621822
    6.774208417    0.788476024    0.788471474    0.788474303
    6.814286573    0.734014433    0.734009882    0.734012716
    6.854364729    0.623552873    0.623548319    0.623551161
    6.894442886    0.482664963    0.482660407    0.482663253
    6.934521042    0.357826633    0.357822075    0.357824923
    6.974599198    0.231015237    0.231010676    0.231013525
    7.014677355    0.118057198    0.118052636    0.118055480
    7.054755511    0.090755711    0.090751147    0.090753985
    7.094833667    0.124733524    0.124728958    0.124731796
    7.134911824    0.134938049    0.134933481    0.134936321
    7.174989980    0.121207908    0.121203338    0.121206176
    7.215068136    0.132539511    0.132534939    0.132537775
    7.255146293    0.199895094    0.199890519    0.199893354
    7.295224449    0.302499058    0.302494481    0.302497318
    7.335302605    0.367487540    0.367482961    0.367485804
    7.375380762    0.350166707    0.350162126    0.350164974
    7.415458918    0.296880075    0.296875492    0.296878340
    7.455537074    0.283882131    0.283877546    0.283880391
    7.495615230    0.340115922    0.340111334    0.340114178
    7.535693387    0.424576893    0.424572303    0.424575149
    7.575771543    0.491278158    0.491273565    0.491276415
    7.615849699    0.496968456    0.496963861    0.496966718
    7.655927856    0.411745371    0.411740774    0.411743638
    7.696006012    0.294905243    0.294900645    0.294903509
    7.736084168    0.222521316    0.222516716    0.222519577
    7.776162325    0.207530513    0.207525910    0.207528772
    7.816240481    0.207800307    0.207795701    0.207798567
    7.856318637    0.211939977    0.211935369    0.211938235
    7.896396794    0.257043028    0.257038418    0.257041281
    7.936474950    0.333495565    0.333490953    0.333493815
    7.976553106    0.392994909    0.392990294    0.392993160
    8.016631263    0.397221345    0.397216728    0.397219599
    8.056709419    0.338574776    0.338570156    0.338573032
    8.096787575    0.228053317    0.228048694    0.228051571
    8.136865731    0.124786962    0.124782338    0.124785212
    8.176943888    0.105852875    0.105848248    0.105851118
    8.217022044    0.172198131    0.172193501    0.172196371
    8.257100200    0.251025898    0.251021266    0.251024140
    8.297178357    0.268034132    0.268029497    0.268032377
    8.337256513    0.227716772    0.227712135    0.227715018
    8.377334669    0.179157463    0.179152824    0.179155707
    8.417412826    0.181814837    0.181810195    0.181813076
    8.457490982    0.221298835    0.221294190    0.221297072
    8.497569138    0.241126487    0.241121840    0.241124725
    8.537647295    0.245322558    0.245317908    0.245320796
    8.577725451    0.254965745    0.254961092    0.254963982
    8.617803607    0.247441037    0.247436382    0.247439276
    8.657881764    0.210798688    0.210794030    0.210796929
    8.697959920    0.142250086    0.142245426    0.142248329
    8.738038076    0.039235310    0.039230647    0.039233551
    8.778116232   -0.030894888   -0.030899554   -0.030896653
    8.818194389   -0.041318005   -0.041322673   -0.041319774
    8.858272545   -0.026337866   -0.026342537   -0.026339637
    8.898350701   -0.013418462   -0.013423136   -0.013420235
    8.938428858    0.006912482    0.006907806    0.006910705
    8.978507014    0.076978110    0.076973431    0.076976329
    9.018585170    0.172033105    0.172028424    0.172031324
    9.058663327    0.229830641    0.229825957    0.229828862
    9.098741483    0.216480745    0.216476058    0.216478969
    9.138819639    0.170662256    0.170657566    0.170660481
    9.178897796    0.162112604    0.162107911    0.162110828
    9.218975952    0.178967857    0.178963161    0.178966081
    9.259054108    0.209722080    0.209717381    0.209720301
    9.299132265    0.244511820    0.244507118    0.244510040
    9.339210421    0.249228150    0.249223446    0.249226370
    9.379288577    0.217724648    0.217719940    0.217722865
    9.419366733    0.149621962    0.149617252    0.149620179
    9.459444890    0.104806583    0.104801870    0.104804798
    9.499523046    0.108217938    0.108213221    0.108216150
    9.539601202    0.128141798    0.128137079    0.128140007
    9.579679359    0.149158490    0.149153768    0.149156697
    9.619757515    0.160800268    0.160795543    0.160798473
    9.659835671    0.186348859    0.186344131    0.186347062
    9.699913828    0.236293457    0.236288726    0.236291658
    9.739991984    0.258440235    0.258435501    0.258438437
    9.780070140    0.235153668    0.235148931    0.235151871
    9.820148297    0.213613072    0.213608332    0.213611275
    9.860226453    0.232537234    0.232532491    0.232535435
    9.900304609    0.278846340    0.278841593    0.278844540
    9.940382766    0.326729339    0.326724589    0.326727538
    9.980460922    0.360423012    0.360418259    0.360421210
   10.020539078    0.377355630    0.377350875    0.377353827
   10.060617234    0.370025527    0.370020768    0.370023722
   10.100695391    0.348158110    0.348153348    0.348156304
   10.140773547    0.345772856    0.345768091    0.345771049
   10.180851703    0.371258570    0.371253801    0.371256761
   10.220929860    0.407137175    0.407132403    0.407135366
   10.261008016    0.450297893    0.450293118    0.450296081
   10.301086172    0.512869778    0.512865000    0.512867965
   10.341164329    0.579551547    0.579546765    0.579549732
   10.381242485    0.623616104    0.623611319    0.623614288
   10.421320641    0.636457372    0.636452584    0.636455556
   10.461398798    0.629180194    0.629175403    0.629178377
   10.501476954    0.605828081    0.605823286    0.605826262
   10.541555110    0.563358033    0.563353235    0.563356214
   10.581633267    0.505712033    0.505707231    0.505710212
   10.621711423    0.471252625    0.471247820    0.471250802
   10.661789579    0.493934259    0.493929450    0.493932433
   10.701867735    0.547471401    0.547466589    0.547469574
   10.741945892    0.606018238    0.606013422    0.606016410
   10.782024048    0.649740357    0.649735537    0.649738528
   10.822102204    0.671129616    0.671124793    0.671127786
   10.862180361    0.682683722    0.682678896    0.682681891
   10.902258517    0.693439586    0.693434756    0.693437753
   10.942336673    0.691709866    0.691705033    0.691708033
   10.982414830    0.684820670    0.684815833    0.684818834
   11.022492986    0.707630439    0.707625598    0.707628600
   11.062571142    0.745806220    0.745801375    0.745804379
   11.102649299    0.768469351    0.768464503    0.768467509
   11.142727455    0.789257558    0.789252706    0.789255715
   11.182805611    0.824234490    0.824229635    0.824232646
   11.222883768    0.862283058    0.862278199    0.862281215
   11.262961924    0.875898222    0.875893359    0.875896378
   11.303040080    0.863378784    0.863373917    0.863376939
   11.343118236    0.837358167    0.837353297    0.837356320
   11.383196393    0.795899468    0.795894594    0.795897619
   11.423274549    0.754535367    0.754530490    0.754533517
   11.463352705    0.732147885    0.732143003    0.732146033
   11.503430862    0.716873574    0.716868688    0.716871721
   11.543509018    0.711287553    0.711282664    0.711285700
   11.583587174    0.725576396    0.725571503    0.725574542
   11.623665331    0.748950366    0.748945469    0.748948510
   11.663743487    0.770936819    0.770931918    0.770934960
   11.703821643    0.775176546    0.775171641    0.775174685
   11.743899800    0.755708445    0.755703536    0.755706581
   11.783977956    0.721719751    0.721714839    0.721717886
   11.824056112    0.701087688    0.701082771    0.701085821
   11.864134269    0.719121541    0.719116620    0.719119673
   11.904212425    0.762382288    0.762377363    0.762380419
   11.944290581    0.800988672    0.800983743    0.800986801
   11.984368737    0.826781858    0.826776925    0.826779985
   12.024446894    0.844478522    0.844473585    0.844476648
   12.064525050    0.861445924    0.861440983    0.861444050
   12.104603206    0.886020520    0.886015575    0.886018644
   12.144681363    0.926478750    0.926473801    0.926476870
   12.184759519    0.972153708    0.972148755    0.972151827
   12.224837675    0.996161326    0.996156369    0.996159443
   12.264915832    0.986871942    0.986866981    0.986870058
   12.304993988    0.949767479    0.949762514    0.949765595
   12.345072144    0.887973270    0.887968300    0.887971386
   12.385150301    0.818319501    0.818314527    0.818317615
   12.425228457    0.766781626    0.766776648    0.766779739
   12.465306613    0.734601961    0.734596978    0.734600072
   12.505384770    0.719274010    0.719269023    0.719272119
   12.545462926    0.726611476    0.726606484    0.726609582
   12.585541082    0.766486131    0.766481135    0.766484233
   12.625619238    0.833780761    0.833775760    0.833778862
   12.665697395    0.896976531    0.896971526    0.896974631
   12.705775551    0.915584373    0.915579363    0.915582473
   12.745853707    0.880946103    0.880941089    0.880944202
   12.785931864    0.828526710    0.828521691    0.828524806
   12.826010020    0.791845341    0.791840319    0.791843436
   12.866088176    0.775739137    0.775734110    0.775737229
   12.906166333    0.777003511    0.776998479    0.777001601
   12.946244489    0.798171534    0.798166497    0.798169621
   12.986322645    0.836384245    0.836379203    0.836382330
   13.026400802    0.886052186    0.886047141    0.886050270
   13.066478958    0.939135208    0.939130158    0.939133290
   13.106557114    0.976736108    0.976731053    0.976734188
   13.146635271    0.991821672    0.991816613    0.991819752
   13.186713427    0.992316152    0.992311088    0.992314230
   13.226791583    1.000824829    1.000819760    1.000822904
   13.266869739    1.012986678    1.012981605    1.012984751
   13.306947896    1.011157224    1.011152146    1.011155296
   13.347026052    0.996619947    0.996614863    0.996618017
   13.387104208    0.992442141    0.992437053    0.992440210
   13.427182365    1.005031318    1.005026224    1.005029385
   13.467260521    1.013594522    1.013589424    1.013592588
   13.507338677    1.016411536    1.016406433    1.016409600
   13.547416834    1.028107427    1.028102319    1.028105488
   13.587494990    1.052314461    1.052309348    1.052312520
   13.627573146    1.069696426    1.069691308    1.069694484
   13.667651303    1.058085758    1.058080636    1.058083815
   13.707729459    1.026997787    1.026992660    1.026995842
   13.747807615    0.995093022    0.995087890    0.995091075
   13.787885772    0.964277389    0.964272252    0.964275439
   13.827963928    0.939068705    0.939063562    0.939066752
   13.868042084    0.946990314    0.946985166    0.946988358
   13.908120240    0.992790437    0.992785284    0.992788478
   13.948198397    1.045077546    1.045072388    1.045075586
   13.988276553    1.079436253    1.079431090    1.079434291
   14.028354709    1.092231006    1.092225837    1.092229043
   14.068432866    1.088581008    1.088575834    1.088579045
   14.108511022    1.078785116    1.078779937    1.078783151
   14.148589178    1.074231376    1.074226192    1.074229409
   14.188667335    1.077701428    1.077696239    1.077699459
   14.228745491    1.079276215    1.079271020    1.079274243
   14.268823647    1.075497071    1.075491871    1.075495096
   14.308901804    1.077281368    1.077276163    1.077279391
   14.348979960    1.092692039    1.092686828    1.092690059
   14.389058116    1.126567126    1.126561910    1.126565144
   14.429136273    1.163607398    1.163602176    1.163605413
   14.469214429    1.181574904    1.181569677    1.181572918
   14.509292585    1.182789253    1.182784020    1.182787265
   14.549370741    1.173767501    1.173762262    1.173765511
   14.589448898    1.170310891    1.170305647    1.170308899
   14.629527054    1.182415339    1.182410089    1.182413346
   14.669605210    1.193382302    1.193377047    1.193380308
   14.709683367    1.192871100    1.192865839    1.192869104
   14.749761523    1.183710985    1.183705718    1.183708986
   14.789839679    1.177363432    1.177358160    1.177361430
   14.829917836    1.189609393    1.189604115    1.189607387
   14.869995992    1.219760133    1.219754849    1.219758124
   14.910074148    1.245685110    1.245679820    1.245683101
   14.950152305    1.250705420    1.250700125    1.250703410
   14.990230461    1.240340684    1.240335383    1.240338672
   15.030308617    1.229780669    1.229775361    1.229778654
   15.070386774    1.237990125    1.237984811    1.237988107
   15.110464930    1.260205309    1.260199990    1.260203289
   15.150543086    1.265505884    1.265500559    1.265503863
   15.190621242    1.250326358    1.250321027    1.250324334
   15.230699399    1.246478115    1.246472778    1.246476088
   15.270777555    1.254834896    1.254829553    1.254832866
   15.310855711    1.257158382    1.257153033    1.257156350
   15.350933868    1.243249223    1.243243868    1.243247189
   15.391012024    1.237366438    1.237361076    1.237364400
   15.431090180    1.264202518    1.264197151    1.264200477
   15.471168337    1.294135092    1.294129718    1.294133048
   15.511246493    1.294001737    1.293996357    1.293999691
   15.551324649    1.272728036    1.272722650    1.272725989
   15.591402806    1.256912369    1.256906976    1.256910320
   15.631480962    1.260779611    1.260774212    1.260777560
   15.671559118    1.275397671    1.275392266    1.275395619
   15.711637275    1.278607796    1.278602384    1.278605742
   15.751715431    1.261253391    1.261247974    1.261251335
   15.791793587    1.225297739    1.225292315    1.225295682
   15.831871743    1.169762074    1.169756644    1.169760016
   15.871949900    1.118578372    1.118572934    1.118576310
   15.912028056    1.104518669    1.104513225    1.104516603
   15.952106212    1.116609245    1.116603795    1.116607176
   15.992184369    1.112956569    1.112951112    1.112954496
   16.032262525    1.078548973    1.078543509    1.078546897
   16.072340681    1.041105952    1.041100482    1.041103873
   16.112418838    1.045905841    1.045900364    1.045903759
   16.152496994    1.092486752    1.092481269    1.092484668
   16.192575150    1.141831832    1.141826341    1.141829745
   16.232653307    1.169085596    1.169080099    1.169083507
   16.272731463    1.178361100    1.178355596    1.178359007
   16.312809619    1.173542791    1.173537280    1.173540695
   16.352887776    1.177411871    1.177406354    1.177409773
   16.392965932    1.207421447    1.207415922    1.207419345
   16.433044088    1.245136784    1.245131252    1.245134680
   16.473122244    1.266272201    1.266266662    1.266270096
   16.513200401    1.253471478    1.253465932    1.253469372
   16.553278557    1.220916472    1.220910919    1.220914364
   16.593356713    1.192718548    1.192712988    1.192716439
   16.633434870    1.163351086    1.163345519    1.163348974
   16.673513026    1.132928953    1.132923379    1.132926838
   16.713591182    1.116973476    1.116967894    1.116971358
   16.753669339    1.119931852    1.119926263    1.119929730
   16.793747495    1.132587068    1.132581472    1.132584942
   16.833825651    1.142356776    1.142351172    1.142354645
   16.873903808    1.133474481    1.133468871    1.133472348
   16.913981964    1.114089384    1.114083766    1.114087248
   16.954060120    1.094300411    1.094294785    1.094298272
   16.994138277    1.087840093    1.087834460    1.087837951
   17.034216433    1.096281241    1.096275601    1.096279096
   17.074294589    1.107873988    1.107868340    1.107871840
   17.114372745    1.113754577    1.113748921    1.113752427
   17.154450902    1.111281779    1.111276116    1.111279627
   17.194529058    1.118626383    1.118620712    1.118624227
   17.234607214    1.147463020    1.147457341    1.147460861
   17.274685371    1.177801915    1.177796229    1.177799754
   17.314763527    1.183535696    1.183530002    1.183533533
   17.354841683    1.161022734    1.161017032    1.161020568
   17.394919840    1.152526374    1.152520665    1.152524204
   17.434997996    1.177970405    1.177964688    1.177968231
   17.475076152    1.195291681    1.195285956    1.195289505
   17.515154309    1.170007044    1.170001311    1.170004866
   17.555232465    1.108828529    1.108822788    1.108826349
   17.595310621    1.046818478    1.046812729    1.046816294
   17.635388778    1.005161118    1.005155360    1.005158931
   17.675466934    0.977953619    0.977947853    0.977951429
   17.715545090    0.966624147    0.966618374    0.966621954
   17.755623246    0.970331009    0.970325227    0.970328811
   17.795701403    0.969623919    0.969618129    0.969621717
   17.835779559    0.971839589    0.971833791    0.971837384
   17.875857715    0.995407097    0.995401291    0.995404890
   17.915935872    1.025912717    1.025906901    1.025910507
   17.956014028    1.048556408    1.048550585    1.048554195
   17.996092184    1.055615353    1.055609521    1.055613136
   18.036170341    1.043114874    1.043109034    1.043112654
   18.076248497    1.030072111    1.030066262    1.030069887
   18.116326653    1.019996511    1.019990653    1.019994285
   18.156404810    0.989802929    0.989797063    0.989800700
   18.196482966    0.928408353    0.928402478    0.928406121
   18.236561122    0.843346439    0.843340556    0.843344205
   18.276639279    0.755187122    0.755181230    0.755184885
   18.316717435    0.703464653    0.703458752    0.703462411
   18.356795591    0.704814014    0.704808105    0.704811768
   18.396873747    0.734042944    0.734037025    0.734040693
   18.436951904    0.760032248    0.760026320    0.760029994
   18.477030060    0.774625113    0.774619176    0.774622855
   18.517108216    0.793677543    0.793671597    0.793675281
   18.557186373    0.826290344    0.826284389    0.826288078
   18.597264529    0.865877457    0.865871493    0.865875188
   18.637342685    0.890274398    0.890268425    0.890272126
   18.677420842    0.886483252    0.886477270    0.886480977
   18.717498998    0.860357912    0.860351921    0.860355634
   18.757577154    0.823286685    0.823280685    0.823284403
   18.797655311    0.789987998    0.789981988    0.789985713
   18.837733467    0.771314332    0.771308313    0.771312043
   18.877811623    0.766845380    0.766839351    0.766843088
   18.917889780    0.765613154    0.765607116    0.765610859
   18.957967936    0.751392645    0.751386597    0.751390347
   18.998046092    0.731401319    0.731395261    0.731399016
   19.038124248    0.701482451    0.701476384    0.701480145
   19.078202405    0.675714397    0.675708320    0.675712087
   19.118280561    0.688901648    0.688895561    0.688899332
   19.158358717    0.736531038    0.736524942    0.736528717
   19.198436874    0.788848262    0.788842156    0.788845938
   19.238515030    0.826501395    0.826495279    0.826499066
   19.278593186    0.838993981    0.838987855    0.838991650
   19.318671343    0.821843837    0.821837700    0.821841502
   19.358749499    0.800713791    0.800707645    0.800711453
   19.398827655    0.784140188    0.784134032    0.784137847
   19.438905812    0.751075678    0.751069511    0.751073333
   19.478983968    0.701670948    0.701664772    0.701668600
   19.519062124    0.659429069    0.659422882    0.659426716
   19.559140281    0.636264277    0.636258080    0.636261920
   19.599218437    0.623497322    0.623491114    0.623494960
   19.639296593    0.619501487    0.619495269    0.619499120
   19.679374749    0.636629577    0.636623348    0.636627205
   19.719452906    0.675424708    0.675418469    0.675422333
   19.759531062    0.714324219    0.714317970    0.714321841
   19.799609218    0.744529400    0.744523139    0.744527018
   19.839687375    0.769812920    0.769806649    0.769810534
   19.879765531    0.790110761    0.790104479    0.790108370
   19.919843687    0.803426447    0.803420155    0.803424052
   19.959921844    0.808992797    0.808986493    0.808990397
   20.000000000    0.812439560    0.812433246    0.812437156