# energy grid [eV]     epsi_x  epsi_y  epsi_z
#
    0.001000000    0.000004196    0.000004196    0.000004196
    0.041078156    0.000172391    0.000172391    0.000172391
    0.081156313    0.000340694    0.000340694    0.000340694
    0.121234469    0.000509212    0.000509212    0.000509212
    0.161312625    0.000678051    0.000678051    0.000678051
    0.201390782    0.000847319    0.000847319    0.000847319
    0.241468938    0.001017124    0.001017124    0.001017124
    0.281547094    0.001187577    0.001187577    0.001187577
    0.321625251    0.001358789    0.001358789    0.001358789
    0.361703407    0.001530875    0.001530875    0.001530875
    0.401781563    0.001703950    0.001703950    0.001703950
    0.441859719    0.001878134    0.001878134    0.001878134
    0.481937876    0.002053548    0.002053548    0.002053548
    0.522016032    0.002230319    0.002230319    0.002230319
    0.562094188    0.002408576    0.002408576    0.002408576
    0.602172345    0.002588454    0.002588453    0.002588453
    0.642250501    0.002770089    0.002770089    0.002770089
    0.682328657    0.002953628    0.002953628    0.002953628
    0.722406814    0.003139220    0.003139220    0.003139220
    0.762484970    0.003327021    0.003327021    0.003327021
    0.802563126    0.003517196    0.003517196    0.003517196
    0.842641283    0.003709916    0.003709915    0.003709916
    0.882719439    0.003905361    0.003905360    0.003905361
    0.922797595    0.004103721    0.004103720    0.004103721
    0.962875752    0.004305197    0.004305197    0.004305197
    1.002953908    0.004510001    0.004510001    0.004510001
    1.043032064    0.004718358    0.004718357    0.004718358
    1.083110220    0.004930507    0.004930506    0.004930507
    1.123188377    0.005146702    0.005146701    0.005146702
    1.163266533    0.005367216    0.005367215    0.005367216
    1.203344689    0.005592339    0.005592339    0.005592339
    1.243422846    0.005822385    0.005822384    0.005822385
    1.283501002    0.006057689    0.006057689    0.006057689
    1.323579158    0.006298615    0.006298614    0.006298614
    1.363657315    0.006545554    0.006545553    0.006545554
    1.403735471    0.006798932    0.006798931    0.006798932
    1.443813627    0.007059213    0.007059212    0.007059213
    1.483891784    0.007326902    0.007326901    0.007326901
    1.523969940    0.007602551    0.007602550    0.007602551
    1.564048096    0.007886770    0.007886769    0.007886770
    1.604126253    0.008180228    0.008180227    0.008180227
    1.644204409    0.008483666    0.008483665    0.008483665
    1.684282565    0.008797908    0.008797906    0.008797907
    1.724360721    0.009123872    0.009123871    0.009123872
    1.764438878    0.009462589    0.009462587    0.009462588
    1.804517034    0.009815217    0.009815215    0.009815216
    1.844595190    0.010183069    0.010183067    0.010183068
    1.884673347    0.010567639    0.010567638    0.010567638
    1.924751503    0.010970639    0.010970638    0.010970638
    1.964829659    0.011394042    0.011394041    0.011394042
    2.004907816    0.011840141    0.011840140    0.011840141
    2.044985972    0.012311621    0.012311620    0.012311621
    2.085064128    0.012811655    0.012811653    0.012811654
    2.125142285    0.013344026    0.013344025    0.013344026
    2.165220441    0.013913303    0.013913301    0.013913302
    2.205298597    0.014525062    0.014525061    0.014525062
    2.245376754    0.015186211    0.015186210    0.015186211
    2.285454910    0.015905436    0.015905434    0.015905435
    2.325533066    0.016693855    0.016693853    0.016693854
    2.365611222    0.017565988    0.017565987    0.017565988
    2.405689379    0.018541231    0.018541229    0.018541230
    2.445767535    0.019646170    0.019646168    0.019646169
    2.485845691    0.020918343    0.020918341    0.020918343
    2.525923848    0.022412544    0.022412543    0.022412544
    2.566002004    0.024211785    0.024211783    0.024211785
    2.606080160    0.026446953    0.026446952    0.026446953
    2.646158317    0.029332596    0.029332594    0.029332595
    2.686236473    0.033229491    0.033229489    0.033229490
    2.726314629    0.038728831    0.038728830    0.038728831
    2.766392786    0.046613229    0.046613228    0.046613229
    2.806470942    0.057104181    0.057104179    0.057104180
    2.846549098    0.068310283    0.068310281    0.068310282
    2.886627255    0.075631889    0.075631887    0.075631889
    2.926705411    0.074309813    0.074309811    0.074309813
    2.966783567    0.069146492    0.069146490    0.069146492
    3.006861723    0.067308085    0.067308083    0.067308085
    3.046939880    0.070774156    0.070774154    0.070774156
    3.087018036    0.079784308    0.079784306    0.079784308
    3.127096192    0.094343182    0.094343180    0.094343181
    3.167174349    0.114973039    0.114973037    0.114973038
    3.207252505    0.146327757    0.146327755    0.146327756
    3.247330661    0.192259715    0.192259712    0.192259714
    3.287408818    0.235458953    0.235458951    0.235458954
    3.327486974    0.234640480    0.234640478    0.234640483
    3.367565130    0.195285524    0.195285522    0.195285527
    3.407643287    0.158545482    0.158545480    0.158545483
    3.447721443    0.138250457    0.138250455    0.138250458
    3.487799599    0.132272612    0.132272610    0.132272612
    3.527877756    0.137541659    0.137541657    0.137541659
    3.567955912    0.153427326    0.153427324    0.153427325
    3.608034068    0.183001593    0.183001591    0.183001592
    3.648112224    0.233338847    0.233338844    0.233338846
    3.688190381    0.315592963    0.315592961    0.315592962
    3.728268537    0.437501899    0.437501897    0.437501897
    3.768346693    0.563919408    0.563919406    0.563919408
    3.808424850    0.593562592    0.593562590    0.593562596
    3.848503006    0.525436712    0.525436709    0.525436716
    3.888581162    0.466643399    0.466643396    0.466643402
    3.928659319    0.438404512    0.438404509    0.438404514
    3.968737475    0.388897607    0.388897604    0.388897610
    4.008815631    0.315515878    0.315515875    0.315515880
    4.048893788    0.257550445    0.257550442    0.257550446
    4.088971944    0.226238235    0.226238232    0.226238235
    4.129050100    0.217459064    0.217459061    0.217459064
    4.169128257    0.227937584    0.227937581    0.227937584
    4.209206413    0.259670911    0.259670908    0.259670910
    4.249284569    0.319784785    0.319784782    0.319784784
    4.289362725    0.412272652    0.412272649    0.412272650
    4.329440882    0.511009745    0.511009742    0.511009745
    4.369519038    0.565481276    0.565481273    0.565481277
    4.409597194    0.599349142    0.599349139    0.599349142
    4.449675351    0.640439274    0.640439271    0.640439274
    4.489753507    0.644188700    0.644188697    0.644188701
    4.529831663    0.630690515    0.630690512    0.630690515
    4.569909820    0.627207794    0.627207791    0.627207795
    4.609987976    0.566548963    0.566548960    0.566548965
    4.650066132    0.448142997    0.448142993    0.448142999
    4.690144289    0.344959296    0.344959292    0.344959297
    4.730222445    0.280190187    0.280190183    0.280190187
    4.770300601    0.246681088    0.246681085    0.246681088
    4.810378758    0.236442375    0.236442371    0.236442374
    4.850456914    0.245758801    0.245758798    0.245758800
    4.890535070    0.272341157    0.272341154    0.272341156
    4.930613226    0.307224160    0.307224157    0.307224159
    4.970691383    0.333793377    0.333793374    0.333793376
    5.010769539    0.362389098    0.362389095    0.362389097
    5.050847695    0.423856576    0.423856573    0.423856574
    5.090925852    0.519481745    0.519481742    0.519481742
    5.131004008    0.589467913    0.589467910    0.589467912
    5.171082164    0.583650887    0.583650883    0.583650886
    5.211160321    0.554292647    0.554292644    0.554292647
    5.251238477    0.521975744    0.521975740    0.521975744
    5.291316633    0.485097002    0.485096998    0.485097001
    5.331394790    0.456394629    0.456394625    0.456394628
    5.371472946    0.406994713    0.406994709    0.406994713
    5.411551102    0.338360760    0.338360756    0.338360760
    5.451629259    0.284677652    0.284677648    0.284677651
    5.491707415    0.255282245    0.255282241    0.255282244
    5.531785571    0.246100461    0.246100457    0.246100459
    5.571863727    0.252352892    0.252352888    0.252352890
    5.611941884    0.267308503    0.267308499    0.267308501
    5.652020040    0.285585663    0.285585659    0.285585661
    5.692098196    0.315692868    0.315692864    0.315692866
    5.732176353    0.370221085    0.370221081    0.370221082
    5.772254509    0.450054157    0.450054153    0.450054153
    5.812332665    0.528444612    0.528444608    0.528444609
    5.852410822    0.576110440    0.576110436    0.576110437
    5.892488978    0.594279133    0.594279129    0.594279129
    5.932567134    0.595534048    0.595534044    0.595534043
    5.972645291    0.626324805    0.626324800    0.626324798
    6.012723447    0.712019290    0.712019286    0.712019281
    6.052801603    0.833586763    0.833586759    0.833586752
    6.092879760    0.944730811    0.944730807    0.944730800
    6.132957916    1.022491403    1.022491398    1.022491391
    6.173036072    1.110380706    1.110380702    1.110380694
    6.213114228    1.239219111    1.239219106    1.239219097
    6.253192385    1.386083555    1.386083550    1.386083541
    6.293270541    1.504295807    1.504295802    1.504295795
    6.333348697    1.543769659    1.543769655    1.543769651
    6.373426854    1.546943258    1.546943254    1.546943250
    6.413505010    1.582599857    1.582599853    1.582599850
    6.453583166    1.633083689    1.633083684    1.633083686
    6.493661323    1.685005489    1.685005484    1.685005487
    6.533739479    1.739939349    1.739939345    1.739939345
    6.573817635    1.762205696    1.762205692    1.762205692
    6.613895792    1.768934004    1.768933999    1.768933998
    6.653973948    1.806453015    1.806453010    1.806453008
    6.694052104    1.889499141    1.889499136    1.889499132
    6.734130261    1.999624909    1.999624904    1.999624899
    6.774208417    2.105034482    2.105034477    2.105034470
    6.814286573    2.219855881    2.219855877    2.219855868
    6.854364729    2.318943343    2.318943339    2.318943331
    6.894442886    2.357897719    2.357897715    2.357897713
    6.934521042    2.351624533    2.351624529    2.351624532
    6.974599198    2.320108443    2.320108439    2.320108448
    7.014677355    2.222762021    2.222762016    2.222762032
    7.054755511    2.091208574    2.091208569    2.091208584
    7.094833667    2.015797304    2.015797299    2.015797309
    7.134911824    1.986982072    1.986982067    1.986982077
    7.174989980    1.938021507    1.938021501    1.938021513
    7.215068136    1.859250909    1.859250904    1.859250915
    7.255146293    1.786836414    1.786836409    1.786836415
    7.295224449    1.778727029    1.778727024    1.778727026
    7.335302605    1.842466280    1.842466275    1.842466275
    7.375380762    1.909820457    1.909820452    1.909820454
    7.415458918    1.910033991    1.910033985    1.910033992
    7.455537074    1.852639433    1.852639427    1.852639435
    7.495615230    1.804113846    1.804113841    1.804113844
    7.535693387    1.815097439    1.815097433    1.815097433
    7.575771543    1.885750012    1.885750006    1.885750003
    7.615849699    2.000826229    2.000826223    2.000826218
    7.655927856    2.092827375    2.092827369    2.092827367
    7.696006012    2.095914770    2.095914764    2.095914769
    7.736084168    2.033715442    2.033715436    2.033715443
    7.776162325    1.968651243    1.968651237    1.968651241
    7.816240481    1.927228517    1.927228512    1.927228516
    7.856318637    1.875625263    1.875625257    1.875625265
    7.896396794    1.824644416    1.824644410    1.824644419
    7.936474950    1.819726097    1.819726091    1.819726096
    7.976553106    1.875319060    1.875319054    1.875319056
    8.016631263    1.961485125    1.961485119    1.961485120
    8.056709419    2.037756319    2.037756313    2.037756318
    8.096787575    2.059908341    2.059908335    2.059908344
    8.136865731    1.990926830    1.990926824    1.990926836
    8.176943888    1.872180625    1.872180618    1.872180629
    8.217022044    1.793400335    1.793400329    1.793400334
    8.257100200    1.801188045    1.801188039    1.801188040
    8.297178357    1.855769342    1.855769336    1.855769337
    8.337256513    1.884560275    1.884560268    1.884560273
    8.377334669    1.857185552    1.857185545    1.857185553
    8.417412826    1.800184735    1.800184728    1.800184736
    8.457490982    1.782005944    1.782005937    1.782005941
    8.497569138    1.796041842    1.796041835    1.796041838
    8.537647295    1.805632928    1.805632921    1.805632923
    8.577725451    1.821585493    1.821585486    1.821585487
    8.617803607    1.858825264    1.858825257    1.858825257
    8.657881764    1.894043803    1.894043797    1.894043798
    8.697959920    1.921219371    1.921219364    1.921219368
    8.738038076    1.897262615    1.897262608    1.897262619
    8.778116232    1.806939685    1.806939678    1.806939691
    8.818194389    1.711764367    1.711764360    1.711764372
    8.858272545    1.640821976    1.640821969    1.640821980
    8.898350701    1.584177069    1.584177062    1.584177074
    8.938428858    1.509762859    1.509762852    1.509762863
    8.978507014    1.441696773    1.441696766    1.441696773
    9.018585170    1.434284863    1.434284856    1.434284859
    9.058663327    1.486572542    1.486572535    1.486572535
    9.098741483    1.541949471    1.541949465    1.541949465
    9.138819639    1.537983354    1.537983347    1.537983349
    9.178897796    1.497010506    1.497010499    1.497010502
    9.218975952    1.467874550    1.467874542    1.467874548
    9.259054108    1.449477229    1.449477221    1.449477228
    9.299132265    1.463460477    1.463460469    1.463460476
    9.339210421    1.498279891    1.498279883    1.498279891
    9.379288577    1.531450370    1.531450362    1.531450370
    9.419366733    1.525302299    1.525302292    1.525302300
    9.459444890    1.461567678    1.461567671    1.461567681
    9.499523046    1.396193289    1.396193281    1.396193292
    9.539601202    1.351157597    1.351157589    1.351157600
    9.579679359    1.321221374    1.321221367    1.321221376
    9.619757515    1.292634807    1.292634800    1.292634809
    9.659835671    1.251307102    1.251307095    1.251307103
    9.699913828    1.237324846    1.237324838    1.237324844
    9.739991984    1.260284824    1.260284816    1.260284819
    9.780070140    1.265746629    1.265746621    1.265746625
    9.820148297    1.223556504    1.223556497    1.223556502
    9.860226453    1.166237252    1.166237244    1.166237249
    9.900304609    1.130783939    1.130783931    1.130783936
    9.940382766    1.123124564    1.123124556    1.123124562
    9.980460922    1.132483507    1.132483499    1.132483505
   10.020539078    1.148861846    1.148861838    1.148861844
   10.060617234    1.161616401    1.161616393    1.161616400
   10.100695391    1.145354951    1.145354943    1.145354950
   10.140773547    1.101074829    1.101074821    1.101074828
   10.180851703    1.058393508    1.058393500    1.058393507
   10.220929860    1.028024012    1.028024004    1.028024011
   10.261008016    1.000640207    1.000640199    1.000640206
   10.301086172    0.985810447    0.985810439    0.985810446
   10.341164329    1.004794335    1.004794326    1.004794332
   10.381242485    1.050844177    1.050844168    1.050844174
   10.421320641    1.101706037    1.101706029    1.101706035
   10.461398798    1.142871645    1.142871637    1.142871643
   10.501476954    1.176349261    1.176349253    1.176349259
   10.541555110    1.193801118    1.193801110    1.193801116
   10.581633267    1.176860934    1.176860925    1.176860932
   10.621711423    1.109942665    1.109942656    1.109942664
   10.661789579    1.036567414    1.036567405    1.036567413
   10.701867735    0.994583299    0.994583290    0.994583297
   10.741945892    0.985122443    0.985122434    0.985122440
   10.782024048    1.001139589    1.001139580    1.001139586
   10.822102204    1.021256791    1.021256782    1.021256788
   10.862180361    1.033117793    1.033117784    1.033117791
   10.902258517    1.043374293    1.043374284    1.043374290
   10.942336673    1.053118997    1.053118988    1.053118995
   10.982414830    1.038537224    1.038537215    1.038537223
   11.022492986    1.012104182    1.012104173    1.012104180
   11.062571142    1.011650532    1.011650523    1.011650529
   11.102649299    1.022882095    1.022882086    1.022882091
   11.142727455    1.025470789    1.025470780    1.025470785
   11.182805611    1.032269088    1.032269079    1.032269082
   11.222883768    1.064455680    1.064455671    1.064455675
   11.262961924    1.115888306    1.115888297    1.115888301
   11.303040080    1.161369097    1.161369088    1.161369093
   11.343118236    1.195863822    1.195863813    1.195863818
   11.383196393    1.215220807    1.215220797    1.215220803
   11.423274549    1.205831832    1.205831823    1.205831828
   11.463352705    1.184178671    1.184178662    1.184178668
   11.503430862    1.162357343    1.162357333    1.162357339
   11.543509018    1.131036739    1.131036730    1.131036736
   11.583587174    1.103533822    1.103533812    1.103533819
   11.623665331    1.091577524    1.091577514    1.091577522
   11.663743487    1.097683163    1.097683153    1.097683162
   11.703821643    1.117522449    1.117522439    1.117522447
   11.743899800    1.131211140    1.131211130    1.131211138
   11.783977956    1.120041757    1.120041748    1.120041755
   11.824056112    1.075213463    1.075213453    1.075213460
   11.864134269    1.022285993    1.022285983    1.022285990
   11.904212425    0.994948047    0.994948037    0.994948044
   11.944290581    0.993160145    0.993160135    0.993160142
   11.984368737    0.999546415    0.999546405    0.999546411
   12.024446894    1.004068243    1.004068233    1.004068239
   12.064525050    1.003493578    1.003493568    1.003493575
   12.104603206    0.999088660    0.999088649    0.999088658
   12.144681363    1.002934028    1.002934017    1.002934025
   12.184759519    1.034783862    1.034783851    1.034783858
   12.224837675    1.093634482    1.093634471    1.093634477
   12.264915832    1.157566620    1.157566610    1.157566615
   12.304993988    1.211197157    1.211197147    1.211197151
   12.345072144    1.243205517    1.243205507    1.243205511
   12.385150301    1.237149982    1.237149971    1.237149977
   12.425228457    1.202011317    1.202011307    1.202011314
   12.465306613    1.156000627    1.156000617    1.156000625
   12.505384770    1.101114664    1.101114653    1.101114662
   12.545462926    1.040178586    1.040178575    1.040178584
   12.585541082    0.985147916    0.985147905    0.985147914
   12.625619238    0.963242211    0.963242200    0.963242207
   12.665697395    0.991461565    0.991461554    0.991461560
   12.705775551    1.052794000    1.052793989    1.052793995
   12.745853707    1.098941973    1.098941962    1.098941969
   12.785931864    1.100516497    1.100516486    1.100516494
   12.826010020    1.069521575    1.069521564    1.069521572
   12.866088176    1.027123765    1.027123753    1.027123762
   12.906166333    0.979737174    0.979737163    0.979737171
   12.946244489    0.933365946    0.933365935    0.933365943
   12.986322645    0.898099860    0.898099848    0.898099857
   13.026400802    0.878652751    0.878652739    0.878652747
   13.066478958    0.883402663    0.883402652    0.883402659
   13.106557114    0.909263123    0.909263112    0.909263119
   13.146635271    0.938808382    0.938808370    0.938808377
   13.186713427    0.954945125    0.954945113    0.954945121
   13.226791583    0.960152976    0.960152964    0.960152972
   13.266869739    0.975553370    0.975553358    0.975553365
   13.306947896    0.995651306    0.995651294    0.995651301
   13.347026052    1.001929034    1.001929022    1.001929028
   13.387104208    0.989665233    0.989665221    0.989665227
   13.427182365    0.983935488    0.983935476    0.983935483
   13.467260521    0.988913681    0.988913669    0.988913676
   13.507338677    0.988904067    0.988904055    0.988904063
   13.547416834    0.983470388    0.983470375    0.983470383
   13.587494990    0.989394368    0.989394355    0.989394363
   13.627573146    1.019261264    1.019261252    1.019261259
   13.667651303    1.055155940    1.055155927    1.055155935
   13.707729459    1.072218384    1.072218372    1.072218380
   13.747807615    1.069443112    1.069443100    1.069443109
   13.787885772    1.053541118    1.053541105    1.053541115
   13.827963928    1.013868380    1.013868368    1.013868378
   13.868042084    0.956536482    0.956536469    0.956536480
   13.908120240    0.918096773    0.918096760    0.918096769
   13.948198397    0.917348536    0.917348523    0.917348530
   13.988276553    0.939895853    0.939895840    0.939895847
   14.028354709    0.967560936    0.967560923    0.967560930
   14.068432866    0.987863058    0.987863045    0.987863052
   14.108511022    0.994440256    0.994440243    0.994440251
   14.148589178    0.990131914    0.990131901    0.990131910
   14.188667335    0.986088983    0.986088970    0.986088979
   14.228745491    0.986353474    0.986353461    0.986353470
   14.268823647    0.980422235    0.980422221    0.980422231
   14.308901804    0.963980455    0.963980441    0.963980451
   14.348979960    0.943172427    0.943172414    0.943172423
   14.389058116    0.931163067    0.931163053    0.931163062
   14.429136273    0.944679705    0.944679691    0.944679699
   14.469214429    0.972334672    0.972334658    0.972334666
   14.509292585    0.996401975    0.996401961    0.996401969
   14.549370741    1.008740587    1.008740573    1.008740581
   14.589448898    1.004874177    1.004874163    1.004874170
   14.629527054    1.003797062    1.003797048    1.003797055
   14.669605210    1.015645581    1.015645567    1.015645575
   14.709683367    1.030261456    1.030261442    1.030261451
   14.749761523    1.035460498    1.035460483    1.035460493
   14.789839679    1.025852189    1.025852175    1.025852185
   14.829917836    1.008512749    1.008512735    1.008512744
   14.869995992    1.006314147    1.006314133    1.006314141
   14.910074148    1.027565199    1.027565185    1.027565192
   14.950152305    1.056730055    1.056730040    1.056730048
   14.990230461    1.074663864    1.074663850    1.074663858
   15.030308617    1.074613879    1.074613864    1.074613874
   15.070386774    1.066051814    1.066051799    1.066051808
   15.110464930    1.075976838    1.075976823    1.075976832
   15.150543086    1.104701535    1.104701520    1.104701529
   15.190621242    1.118752760    1.118752744    1.118752755
   15.230699399    1.115992048    1.115992033    1.115992044
   15.270777555    1.120800254    1.120800238    1.120800249
   15.310855711    1.137319908    1.137319893    1.137319903
   15.350933868    1.146832258    1.146832243    1.146832253
   15.391012024    1.131952098    1.131952083    1.131952094
   15.431090180    1.122389385    1.122389369    1.122389379
   15.471168337    1.148828866    1.148828850    1.148828859
   15.511246493    1.189141177    1.189141162    1.189141169
   15.551324649    1.212198375    1.212198359    1.212198367
   15.591402806    1.213122603    1.213122587    1.213122594
   15.631480962    1.211545541    1.211545525    1.211545533
   15.671559118    1.227214077    1.227214061    1.227214069
   15.711637275    1.262646937    1.262646921    1.262646928
   15.751715431    1.300656415    1.300656399    1.300656406
   15.791793587    1.333486453    1.333486437    1.333486445
   15.831871743    1.345248744    1.345248728    1.345248738
   15.871949900    1.320015829    1.320015812    1.320015824
   15.912028056    1.278046420    1.278046404    1.278046417
   15.952106212    1.261805819    1.261805802    1.261805815
   15.992184369    1.272095983    1.272095967    1.272095979
   16.032262525    1.273061047    1.273061030    1.273061043
   16.072340681    1.233209178    1.233209161    1.233209174
   16.112418838    1.169292760    1.169292744    1.169292756
   16.152496994    1.129538203    1.129538186    1.129538198
   16.192575150    1.130985665    1.130985648    1.130985659
   16.232653307    1.151205444    1.151205427    1.151205439
   16.272731463    1.171845371    1.171845354    1.171845366
   16.312809619    1.181070439    1.181070421    1.181070432
   16.352887776    1.169686067    1.169686049    1.169686059
   16.392965932    1.163453086    1.163453068    1.163453078
   16.433044088    1.184809993    1.184809976    1.184809984
   16.473122244    1.232077085    1.232077067    1.232077074
   16.513200401    1.283868066    1.283868048    1.283868056
   16.553278557    1.312195601    1.312195584    1.312195592
   16.593356713    1.324515276    1.324515258    1.324515267
   16.633434870    1.331267567    1.331267549    1.331267560
   16.673513026    1.323392168    1.323392150    1.323392162
   16.713591182    1.301375125    1.301375107    1.301375120
   16.753669339    1.282899258    1.282899240    1.282899254
   16.793747495    1.277060515    1.277060497    1.277060511
   16.833825651    1.289331754    1.289331736    1.289331749
   16.873903808    1.306314974    1.306314956    1.306314968
   16.913981964    1.311942979    1.311942961    1.311942973
   16.954060120    1.302900942    1.302900924    1.302900936
   16.994138277    1.283017163    1.283017144    1.283017156
   17.034216433    1.268547223    1.268547205    1.268547217
   17.074294589    1.265627511    1.265627492    1.265627503
   17.114372745    1.269602327    1.269602308    1.269602318
   17.154450902    1.268517782    1.268517763    1.268517774
   17.194529058    1.254404919    1.254404900    1.254404911
   17.234607214    1.250139997    1.250139977    1.250139988
   17.274685371    1.273293678    1.273293659    1.273293669
   17.314763527    1.314210448    1.314210428    1.314210439
   17.354841683    1.338276669    1.338276649    1.338276661
   17.394919840    1.331205392    1.331205372    1.331205385
   17.434997996    1.339424267    1.339424247    1.339424258
   17.475076152    1.388707700    1.388707680    1.388707691
   17.515154309    1.450989252    1.450989232    1.450989243
   17.555232465    1.486762545    1.486762525    1.486762536
   17.595310621    1.482409554    1.482409534    1.482409546
   17.635388778    1.459192952    1.459192932    1.459192944
   17.675466934    1.430778693    1.430778673    1.430778686
   17.715545090    1.398503448    1.398503428    1.398503442
   17.755623246    1.376720847    1.376720826    1.376720841
   17.795701403    1.364053374    1.364053354    1.364053367
   17.835779559    1.341662660    1.341662640    1.341662652
   17.875857715    1.323857423    1.323857402    1.323857414
   17.915935872    1.328989619    1.328989598    1.328989610
   17.956014028    1.352411783    1.352411762    1.352411775
   17.996092184    1.388074656    1.388074635    1.388074648
   18.036170341    1.420207626    1.420207605    1.420207617
   18.076248497    1.441735986    1.441735965    1.441735977
   18.116326653    1.473452955    1.473452933    1.473452945
   18.156404810    1.518157093    1.518157071    1.518157084
   18.196482966    1.554736252    1.554736230    1.554736243
   18.236561122    1.561816368    1.561816346    1.561816359
   18.276639279    1.522007274    1.522007252    1.522007267
   18.316717435    1.440231191    1.440231169    1.440231185
   18.356795591    1.358920277    1.358920255    1.358920271
   18.396873747    1.308663439    1.308663417    1.308663433
   18.436951904    1.286258387    1.286258365    1.286258381
   18.477030060    1.268355587    1.268355564    1.268355580
   18.517108216    1.246196644    1.246196621    1.246196637
   18.557186373    1.231507527    1.231507504    1.231507520
   18.597264529    1.239665499    1.239665477    1.239665491
   18.637342685    1.273416991    1.273416968    1.273416982
   18.677420842    1.313433484    1.313433461    1.313433475
   18.717498998    1.342450776    1.342450753    1.342450767
   18.757577154    1.351873224    1.351873200    1.351873214
   18.797655311    1.340573939    1.340573915    1.340573929
   18.837733467    1.319587877    1.319587854    1.319587868
   18.877811623    1.301439661    1.301439637    1.301439651
   18.917889780    1.297446704    1.297446680    1.297446694
   18.957967936    1.297147728    1.297147704    1.297147719
   18.998046092    1.290401065    1.290401041    1.290401057
   19.038124248    1.274343880    1.274343856    1.274343872
   19.078202405    1.227886672    1.227886648    1.227886665
   19.118280561    1.167136376    1.167136352    1.167136370
   19.158358717    1.130852240    1.130852215    1.130852232
   19.198436874    1.131255344    1.131255319    1.131255336
   19.238515030    1.157951375    1.157951350    1.157951366
   19.278593186    1.200052132    1.200052106    1.200052121
   19.318671343    1.234074469    1.234074444    1.234074458
   19.358749499    1.247517121    1.247517095    1.247517111
   19.398827655    1.262546277    1.262546252    1.262546267
   19.438905812    1.280333807    1.280333781    1.280333796
   19.478983968    1.277026260    1.277026235    1.277026251
   19.519062124    1.247005009    1.247004983    1.247005001
   19.559140281    1.206752829    1.206752804    1.206752821
   19.599218437    1.166436344    1.166436318    1.166436336
   19.639296593    1.119514444    1.119514418    1.119514436
   19.679374749    1.069081393    1.069081367    1.069081385
   19.719452906    1.035474449    1.035474422    1.035474439
   19.759531062    1.025972292    1.025972265    1.025972282
   19.799609218    1.026692853    1.026692827    1.026692844
   19.839687375    1.033086636    1.033086609    1.033086626
   19.879765531    1.044980976    1.044980949    1.044980966
   19.919843687    1.061103004    1.061102976    1.061102994
   19.959921844    1.076698883    1.076698856    1.076698874
   20.000000000    1.087776204    1.087776177    1.087776194