# energy grid [eV]     epsi_x  epsi_y  epsi_z
#
    0.001000000    0.000057361    0.000057361    0.000057361
    0.041078156    0.002356947    0.002356947    0.002356947
    0.081156313    0.004660418    0.004660418    0.004660418
    0.121234469    0.006971581    0.006971581    0.006971581
    0.161312625    0.009294284    0.009294284    0.009294283
    0.201390782    0.011632428    0.011632428    0.011632427
    0.241468938    0.013989992    0.013989992    0.013989991
    0.281547094    0.016371052    0.016371052    0.016371051
    0.321625251    0.018779801    0.018779801    0.018779800
    0.361703407    0.021220571    0.021220571    0.021220570
    0.401781563    0.023697862    0.023697862    0.023697860
    0.441859719    0.026216359    0.026216359    0.026216358
    0.481937876    0.028780969    0.028780969    0.028780968
    0.522016032    0.031396845    0.031396845    0.031396843
    0.562094188    0.034069421    0.034069421    0.034069419
    0.602172345    0.036804447    0.036804447    0.036804445
    0.642250501    0.039608032    0.039608032    0.039608030
    0.682328657    0.042486685    0.042486685    0.042486682
    0.722406814    0.045447364    0.045447364    0.045447362
    0.762484970    0.048497535    0.048497535    0.048497532
    0.802563126    0.051645229    0.051645229    0.051645226
    0.842641283    0.054899115    0.054899115    0.054899112
    0.882719439    0.058268575    0.058268575    0.058268572
    0.922797595    0.061763798    0.061763798    0.061763795
    0.962875752    0.065395877    0.065395877    0.065395873
    1.002953908    0.069176925    0.069176925    0.069176922
    1.043032064    0.073120213    0.073120213    0.073120210
    1.083110220    0.077240316    0.077240316    0.077240313
    1.123188377    0.081553294    0.081553294    0.081553290
    1.163266533    0.086076891    0.086076891    0.086076887
    1.203344689    0.090830781    0.090830781    0.090830777
    1.243422846    0.095836838    0.095836838    0.095836833
    1.283501002    0.101119463    0.101119462    0.101119458
    1.323579158    0.106705968    0.106705968    0.106705963
    1.363657315    0.112627031    0.112627031    0.112627026
    1.403735471    0.118917231    0.118917231    0.118917226
    1.443813627    0.125615691    0.125615691    0.125615685
    1.483891784    0.132766850    0.132766850    0.132766845
    1.523969940    0.140421396    0.140421396    0.140421391
    1.564048096    0.148637393    0.148637393    0.148637387
    1.604126253    0.157481658    0.157481658    0.157481652
    1.644204409    0.167031462    0.167031462    0.167031456
    1.684282565    0.177376618    0.177376618    0.177376612
    1.724360721    0.188622099    0.188622099    0.188622093
    1.764438878    0.200891315    0.200891315    0.200891308
    1.804517034    0.214330263    0.214330263    0.214330256
    1.844595190    0.229112835    0.229112835    0.229112828
    1.884673347    0.245447652    0.245447652    0.245447644
    1.924751503    0.263586974    0.263586974    0.263586966
    1.964829659    0.283838435    0.283838435    0.283838427
    2.004907816    0.306580680    0.306580680    0.306580672
    2.044985972    0.332284486    0.332284486    0.332284477
    2.085064128    0.361541678    0.361541678    0.361541668
    2.125142285    0.395105347    0.395105347    0.395105337
    2.165220441    0.433946724    0.433946724    0.433946713
    2.205298597    0.479337099    0.479337099    0.479337088
    2.245376754    0.532968262    0.532968261    0.532968249
    2.285454910    0.597133537    0.597133536    0.597133523
    2.325533066    0.675006739    0.675006739    0.675006724
    2.365611222    0.771083806    0.771083805    0.771083788
    2.405689379    0.891903067    0.891903066    0.891903047
    2.445767535    1.047258193    1.047258193    1.047258169
    2.485845691    1.252309999    1.252309998    1.252309969
    2.525923848    1.531381511    1.531381510    1.531381473
    2.566002004    1.924929109    1.924929108    1.924929058
    2.606080160    2.502200370    2.502200369    2.502200298
    2.646158317    3.381365357    3.381365356    3.381365251
    2.686236473    4.741201648    4.741201647    4.741201491
    2.726314629    6.707540876    6.707540873    6.707540671
    2.766392786    8.841725203    8.841725196    8.841725038
    2.806470942    9.996332801    9.996332789    9.996332759
    2.846549098    9.793678622    9.793678608    9.793678659
    2.886627255    8.841466173    8.841466162    8.841466218
    2.926705411    8.017276290    8.017276281    8.017276313
    2.966783567    7.465930599    7.465930593    7.465930604
    3.006861723    7.269616678    7.269616674    7.269616662
    3.046939880    7.150832591    7.150832587    7.150832612
    3.087018036    6.461319658    6.461319654    6.461319732
    3.127096192    5.650093616    5.650093613    5.650093670
    3.167174349    5.369814924    5.369814922    5.369814928
    3.207252505    5.678288242    5.678288241    5.678288197
    3.247330661    6.394390364    6.394390364    6.394390289
    3.287408818    7.287972104    7.287972104    7.287972050
    3.327486974    7.570749122    7.570749121    7.570749155
    3.367565130    6.938486357    6.938486356    6.938486434
    3.407643287    6.209361258    6.209361256    6.209361310
    3.447721443    5.825225899    5.825225898    5.825225922
    3.487799599    5.557810750    5.557810749    5.557810781
    3.527877756    5.123853630    5.123853630    5.123853669
    3.567955912    4.888459128    4.888459130    4.888459148
    3.608034068    5.081749846    5.081749851    5.081749841
    3.648112224    5.345566454    5.345566461    5.345566432
    3.688190381    5.308454859    5.308454866    5.308454830
    3.728268537    5.350245888    5.350245893    5.350245858
    3.768346693    5.707207574    5.707207577    5.707207545
    3.808424850    6.014963658    6.014963659    6.014963638
    3.848503006    6.103978426    6.103978427    6.103978408
    3.888581162    6.256938431    6.256938431    6.256938409
    3.928659319    6.552163786    6.552163786    6.552163763
    3.968737475    7.056185259    7.056185258    7.056185242
    4.008815631    7.689866376    7.689866374    7.689866384
    4.048893788    8.385251662    8.385251660    8.385251674
    4.088971944    8.902312606    8.902312603    8.902312603
    4.129050100    8.908614045    8.908614041    8.908614027
    4.169128257    8.970481936    8.970481931    8.970481893
    4.209206413    9.522376245    9.522376238    9.522376201
    4.249284569    9.614069964    9.614069955    9.614069991
    4.289362725    8.330412625    8.330412617    8.330412702
    4.329440882    6.571900238    6.571900232    6.571900298
    4.369519038    5.337785383    5.337785379    5.337785403
    4.409597194    4.817676366    4.817676364    4.817676347
    4.449675351    4.865336595    4.865336594    4.865336550
    4.489753507    5.138768154    5.138768153    5.138768109
    4.529831663    5.324342483    5.324342483    5.324342446
    4.569909820    5.415051133    5.415051135    5.415051118
    4.609987976    5.210483208    5.210483209    5.210483238
    4.650066132    4.812927753    4.812927753    4.812927795
    4.690144289    4.586413426    4.586413426    4.586413446
    4.730222445    4.523149491    4.523149490    4.523149475
    4.770300601    4.550229057    4.550229056    4.550229019
    4.810378758    4.710078989    4.710078988    4.710078948
    4.850456914    4.885487618    4.885487616    4.885487588
    4.890535070    5.031322347    5.031322346    5.031322321
    4.930613226    5.493002901    5.493002901    5.493002857
    4.970691383    6.552390532    6.552390533    6.552390473
    5.010769539    7.901770390    7.901770391    7.901770359
    5.050847695    8.651852278    8.651852278    8.651852301
    5.090925852    8.330106926    8.330106925    8.330106961
    5.131004008    7.075089771    7.075089769    7.075089795
    5.171082164    5.755201258    5.755201255    5.755201266
    5.211160321    4.922573536    4.922573533    4.922573530
    5.251238477    4.540762662    4.540762659    4.540762645
    5.291316633    4.468514675    4.468514672    4.468514648
    5.331394790    4.690004870    4.690004868    4.690004831
    5.371472946    5.253069440    5.253069438    5.253069387
    5.411551102    6.062271288    6.062271285    6.062271231
    5.451629259    6.696592052    6.696592050    6.696592027
    5.491707415    6.485267883    6.485267882    6.485267900
    5.531785571    5.607432737    5.607432737    5.607432765
    5.571863727    4.704048497    4.704048497    4.704048515
    5.611941884    4.020682797    4.020682796    4.020682803
    5.652020040    3.517834000    3.517834000    3.517833998
    5.692098196    3.177912488    3.177912489    3.177912479
    5.732176353    3.099603318    3.099603321    3.099603301
    5.772254509    3.348843816    3.348843820    3.348843792
    5.812332665    3.906064925    3.906064931    3.906064904
    5.852410822    4.564291605    4.564291612    4.564291594
    5.892488978    4.960082418    4.960082425    4.960082407
    5.932567134    4.872092825    4.872092833    4.872092817
    5.972645291    4.321316493    4.321316501    4.321316500
    6.012723447    3.463031548    3.463031554    3.463031561
    6.052801603    2.698434846    2.698434850    2.698434849
    6.092879760    2.212157816    2.212157819    2.212157809
    6.132957916    1.955564729    1.955564731    1.955564714
    6.173036072    1.822721807    1.822721809    1.822721788
    6.213114228    1.753218939    1.753218940    1.753218918
    6.253192385    1.725244280    1.725244280    1.725244259
    6.293270541    1.760609022    1.760609022    1.760608997
    6.333348697    1.918594294    1.918594294    1.918594263
    6.373426854    2.219910348    2.219910347    2.219910310
    6.413505010    2.656884974    2.656884974    2.656884929
    6.453583166    3.163817021    3.163817019    3.163816976
    6.493661323    3.498793556    3.498793553    3.498793525
    6.533739479    3.521725765    3.521725760    3.521725743
    6.573817635    3.474084650    3.474084645    3.474084628
    6.613895792    3.517908585    3.517908580    3.517908570
    6.653973948    3.578921295    3.578921291    3.578921283
    6.694052104    3.476300093    3.476300091    3.476300085
    6.734130261    3.042729521    3.042729520    3.042729515
    6.774208417    2.503121301    2.503121300    2.503121289
    6.814286573    2.139812553    2.139812553    2.139812536
    6.854364729    2.023338955    2.023338956    2.023338933
    6.894442886    2.113406297    2.113406297    2.113406270
    6.934521042    2.297670623    2.297670623    2.297670592
    6.974599198    2.420016530    2.420016530    2.420016498
    7.014677355    2.470168631    2.470168632    2.470168602
    7.054755511    2.560545020    2.560545019    2.560544991
    7.094833667    2.812158838    2.812158838    2.812158808
    7.134911824    3.146798375    3.146798375    3.146798345
    7.174989980    3.307988285    3.307988286    3.307988259
    7.215068136    3.279302302    3.279302303    3.279302277
    7.255146293    3.100950033    3.100950034    3.100950009
    7.295224449    2.819303936    2.819303936    2.819303913
    7.335302605    2.630166655    2.630166656    2.630166631
    7.375380762    2.626061626    2.626061626    2.626061600
    7.415458918    2.666333041    2.666333041    2.666333015
    7.455537074    2.577488777    2.577488777    2.577488756
    7.495615230    2.319637245    2.319637245    2.319637227
    7.535693387    2.026694186    2.026694186    2.026694166
    7.575771543    1.806152251    1.806152251    1.806152227
    7.615849699    1.691133912    1.691133913    1.691133886
    7.655927856    1.677303891    1.677303891    1.677303863
    7.696006012    1.737429050    1.737429051    1.737429022
    7.736084168    1.783032775    1.783032775    1.783032748
    7.776162325    1.739773072    1.739773072    1.739773045
    7.816240481    1.698993694    1.698993693    1.698993668
    7.856318637    1.735554558    1.735554558    1.735554530
    7.896396794    1.836512595    1.836512595    1.836512565
    7.936474950    1.899089884    1.899089884    1.899089855
    7.976553106    1.857745430    1.857745429    1.857745405
    8.016631263    1.781068957    1.781068957    1.781068935
    8.056709419    1.761346086    1.761346086    1.761346062
    8.096787575    1.815461394    1.815461394    1.815461367
    8.136865731    1.884874665    1.884874665    1.884874633
    8.176943888    1.966230162    1.966230162    1.966230122
    8.217022044    2.144405318    2.144405318    2.144405272
    8.257100200    2.296513694    2.296513694    2.296513652
    8.297178357    2.233244456    2.233244456    2.233244421
    8.337256513    2.101744240    2.101744241    2.101744207
    8.377334669    2.084625731    2.084625732    2.084625696
    8.417412826    2.117360328    2.117360329    2.117360297
    8.457490982    2.095269476    2.095269476    2.095269449
    8.497569138    2.079070417    2.079070417    2.079070388
    8.537647295    2.080172233    2.080172233    2.080172201
    8.577725451    2.110449583    2.110449583    2.110449549
    8.617803607    2.215376483    2.215376483    2.215376451
    8.657881764    2.370389259    2.370389259    2.370389230
    8.697959920    2.519289529    2.519289528    2.519289499
    8.738038076    2.594204776    2.594204776    2.594204744
    8.778116232    2.640347798    2.640347798    2.640347762
    8.818194389    2.800344178    2.800344177    2.800344143
    8.858272545    3.047717060    3.047717060    3.047717031
    8.898350701    3.122749060    3.122749060    3.122749031
    8.938428858    2.920045842    2.920045841    2.920045802
    8.978507014    2.684636951    2.684636950    2.684636903
    9.018585170    2.585127317    2.585127315    2.585127264
    9.058663327    2.553687340    2.553687338    2.553687285
    9.098741483    2.458809959    2.458809958    2.458809910
    9.138819639    2.235060563    2.235060560    2.235060521
    9.178897796    1.986729807    1.986729804    1.986729770
    9.218975952    1.860336567    1.860336564    1.860336528
    9.259054108    1.884937100    1.884937096    1.884937060
    9.299132265    1.961881781    1.961881778    1.961881742
    9.339210421    2.000113337    2.000113334    2.000113296
    9.379288577    2.017858697    2.017858694    2.017858652
    9.419366733    2.054854401    2.054854399    2.054854357
    9.459444890    2.042585037    2.042585035    2.042584997
    9.499523046    1.996019309    1.996019307    1.996019272
    9.539601202    2.027266446    2.027266444    2.027266409
    9.579679359    2.202487764    2.202487761    2.202487726
    9.619757515    2.433367855    2.433367853    2.433367820
    9.659835671    2.512011309    2.512011307    2.512011278
    9.699913828    2.463838152    2.463838150    2.463838120
    9.739991984    2.468530212    2.468530210    2.468530176
    9.780070140    2.506585792    2.506585790    2.506585753
    9.820148297    2.496430708    2.496430707    2.496430666
    9.860226453    2.479681508    2.479681507    2.479681465
    9.900304609    2.447590241    2.447590241    2.447590203
    9.940382766    2.368407637    2.368407637    2.368407602
    9.980460922    2.298132189    2.298132189    2.298132153
   10.020539078    2.246095215    2.246095215    2.246095181
   10.060617234    2.120471326    2.120471326    2.120471294
   10.100695391    1.954348703    1.954348703    1.954348671
   10.140773547    1.838473530    1.838473529    1.838473496
   10.180851703    1.776847148    1.776847148    1.776847112
   10.220929860    1.749019957    1.749019956    1.749019919
   10.261008016    1.767021910    1.767021909    1.767021871
   10.301086172    1.862698222    1.862698221    1.862698184
   10.341164329    1.976305056    1.976305055    1.976305018
   10.381242485    2.061643780    2.061643780    2.061643739
   10.421320641    2.109724128    2.109724127    2.109724083
   10.461398798    2.118499833    2.118499833    2.118499786
   10.501476954    2.124671604    2.124671604    2.124671557
   10.541555110    2.147566985    2.147566985    2.147566942
   10.581633267    2.106026936    2.106026935    2.106026898
   10.621711423    1.937169016    1.937169015    1.937168980
   10.661789579    1.707185757    1.707185756    1.707185720
   10.701867735    1.543629872    1.543629871    1.543629832
   10.741945892    1.524644702    1.524644701    1.524644658
   10.782024048    1.632577784    1.632577783    1.632577738
   10.822102204    1.766701863    1.766701863    1.766701817
   10.862180361    1.814874936    1.814874936    1.814874889
   10.902258517    1.822749476    1.822749477    1.822749428
   10.942336673    1.915606519    1.915606519    1.915606469
   10.982414830    2.089176166    2.089176166    2.089176114
   11.022492986    2.266870518    2.266870518    2.266870464
   11.062571142    2.307673654    2.307673654    2.307673601
   11.102649299    2.187782196    2.187782196    2.187782146
   11.142727455    2.005475506    2.005475506    2.005475462
   11.182805611    1.837218846    1.837218846    1.837218806
   11.222883768    1.752322860    1.752322860    1.752322820
   11.262961924    1.804022492    1.804022492    1.804022451
   11.303040080    1.970891173    1.970891173    1.970891129
   11.343118236    2.146860890    2.146860890    2.146860840
   11.383196393    2.241936195    2.241936194    2.241936136
   11.423274549    2.348921816    2.348921816    2.348921752
   11.463352705    2.586214696    2.586214696    2.586214632
   11.503430862    2.889010024    2.889010024    2.889009966
   11.543509018    3.088233944    3.088233944    3.088233894
   11.583587174    3.181051765    3.181051764    3.181051721
   11.623665331    3.267256485    3.267256484    3.267256445
   11.663743487    3.311739930    3.311739930    3.311739895
   11.703821643    3.139430561    3.139430560    3.139430523
   11.743899800    2.785661470    2.785661470    2.785661427
   11.783977956    2.439684030    2.439684031    2.439683984
   11.824056112    2.190194617    2.190194618    2.190194569
   11.864134269    2.038942468    2.038942470    2.038942422
   11.904212425    1.899573111    1.899573112    1.899573066
   11.944290581    1.739924142    1.739924143    1.739924097
   11.984368737    1.651318780    1.651318780    1.651318731
   12.024446894    1.692055988    1.692055988    1.692055935
   12.064525050    1.819426038    1.819426038    1.819425983
   12.104603206    1.957691141    1.957691141    1.957691087
   12.144681363    2.028626344    2.028626344    2.028626293
   12.184759519    1.959504363    1.959504363    1.959504317
   12.224837675    1.844810379    1.844810380    1.844810335
   12.264915832    1.818269150    1.818269150    1.818269103
   12.304993988    1.851019226    1.851019226    1.851019176
   12.345072144    1.885302342    1.885302342    1.885302287
   12.385150301    1.848657785    1.848657785    1.848657729
   12.425228457    1.703703260    1.703703261    1.703703206
   12.465306613    1.535629202    1.535629203    1.535629150
   12.505384770    1.431431061    1.431431062    1.431431007
   12.545462926    1.393486984    1.393486984    1.393486928
   12.585541082    1.407488347    1.407488347    1.407488291
   12.625619238    1.468815152    1.468815151    1.468815095
   12.665697395    1.526801460    1.526801459    1.526801402
   12.705775551    1.527298197    1.527298196    1.527298137
   12.745853707    1.507606761    1.507606760    1.507606700
   12.785931864    1.527968860    1.527968860    1.527968798
   12.826010020    1.656687107    1.656687106    1.656687042
   12.866088176    1.953142928    1.953142927    1.953142857
   12.906166333    2.390803499    2.390803499    2.390803425
   12.946244489    2.831042054    2.831042054    2.831041986
   12.986322645    3.154284876    3.154284876    3.154284818
   13.026400802    3.251899798    3.251899798    3.251899744
   13.066478958    3.099544914    3.099544915    3.099544859
   13.106557114    2.904117433    2.904117433    2.904117375
   13.146635271    2.800825550    2.800825550    2.800825488
   13.186713427    2.773023478    2.773023479    2.773023416
   13.226791583    2.841506380    2.841506380    2.841506320
   13.266869739    3.030268635    3.030268635    3.030268575
   13.306947896    3.241480193    3.241480193    3.241480132
   13.347026052    3.337681957    3.337681958    3.337681895
   13.387104208    3.289265046    3.289265047    3.289264982
   13.427182365    3.219439620    3.219439621    3.219439554
   13.467260521    3.240653045    3.240653044    3.240652977
   13.507338677    3.328531005    3.328531004    3.328530937
   13.547416834    3.341168776    3.341168775    3.341168711
   13.587494990    3.098982353    3.098982352    3.098982296
   13.627573146    2.677975560    2.677975559    2.677975506
   13.667651303    2.331849257    2.331849255    2.331849201
   13.707729459    2.169028684    2.169028683    2.169028627
   13.747807615    2.122529212    2.122529210    2.122529152
   13.787885772    2.084144227    2.084144225    2.084144165
   13.827963928    2.030258113    2.030258112    2.030258050
   13.868042084    2.042803741    2.042803740    2.042803673
   13.908120240    2.201940405    2.201940403    2.201940333
   13.948198397    2.458412034    2.458412032    2.458411963
   13.988276553    2.593801565    2.593801563    2.593801498
   14.028354709    2.547442738    2.547442736    2.547442674
   14.068432866    2.480061595    2.480061593    2.480061534
   14.108511022    2.409579773    2.409579772    2.409579714
   14.148589178    2.300141352    2.300141351    2.300141290
   14.188667335    2.230100256    2.230100255    2.230100188
   14.228745491    2.236147377    2.236147376    2.236147302
   14.268823647    2.299193790    2.299193790    2.299193716
   14.308901804    2.320225876    2.320225876    2.320225809
   14.348979960    2.279176275    2.279176275    2.279176213
   14.389058116    2.214005412    2.214005411    2.214005349
   14.429136273    2.181664138    2.181664137    2.181664069
   14.469214429    2.267705060    2.267705058    2.267704981
   14.509292585    2.456806374    2.456806372    2.456806290
   14.549370741    2.624212307    2.624212306    2.624212228
   14.589448898    2.614683866    2.614683865    2.614683798
   14.629527054    2.447748984    2.447748984    2.447748921
   14.669605210    2.289686581    2.289686581    2.289686516
   14.709683367    2.208213630    2.208213630    2.208213562
   14.749761523    2.172065630    2.172065629    2.172065560
   14.789839679    2.178968909    2.178968909    2.178968838
   14.829917836    2.260276056    2.260276056    2.260275982
   14.869995992    2.390446170    2.390446170    2.390446094
   14.910074148    2.444085260    2.444085261    2.444085184
   14.950152305    2.377822209    2.377822209    2.377822131
   14.990230461    2.312132675    2.312132675    2.312132596
   15.030308617    2.340191998    2.340191997    2.340191919
   15.070386774    2.435729834    2.435729833    2.435729756
   15.110464930    2.514634790    2.514634789    2.514634718
   15.150543086    2.463695515    2.463695514    2.463695453
   15.190621242    2.285595782    2.285595782    2.285595724
   15.230699399    2.101994801    2.101994801    2.101994737
   15.270777555    1.938139649    1.938139649    1.938139576
   15.310855711    1.796377783    1.796377783    1.796377704
   15.350933868    1.693650509    1.693650509    1.693650431
   15.391012024    1.629515256    1.629515256    1.629515182
   15.431090180    1.612166241    1.612166241    1.612166166
   15.471168337    1.666755317    1.666755317    1.666755240
   15.511246493    1.789275806    1.789275806    1.789275728
   15.551324649    1.913194822    1.913194823    1.913194746
   15.591402806    1.947131908    1.947131910    1.947131835
   15.631480962    1.888907896    1.888907898    1.888907821
   15.671559118    1.814234588    1.814234589    1.814234509
   15.711637275    1.782651059    1.782651059    1.782650978
   15.751715431    1.801652804    1.801652804    1.801652722
   15.791793587    1.857176265    1.857176264    1.857176181
   15.831871743    1.975956227    1.975956225    1.975956139
   15.871949900    2.143071351    2.143071349    2.143071264
   15.912028056    2.272242415    2.272242414    2.272242330
   15.952106212    2.342343148    2.342343147    2.342343061
   15.992184369    2.368902166    2.368902165    2.368902075
   16.032262525    2.340991870    2.340991870    2.340991777
   16.072340681    2.242195041    2.242195041    2.242194949
   16.112418838    2.078037939    2.078037939    2.078037852
   16.152496994    1.901980697    1.901980697    1.901980613
   16.192575150    1.751510981    1.751510981    1.751510900
   16.232653307    1.649081403    1.649081403    1.649081322
   16.272731463    1.649704499    1.649704499    1.649704415
   16.312809619    1.731665426    1.731665426    1.731665340
   16.352887776    1.752023606    1.752023606    1.752023522
   16.392965932    1.659621530    1.659621531    1.659621446
   16.433044088    1.566614720    1.566614721    1.566614632
   16.473122244    1.532750633    1.532750633    1.532750541
   16.513200401    1.566816230    1.566816231    1.566816137
   16.553278557    1.630873702    1.630873703    1.630873613
   16.593356713    1.699305517    1.699305518    1.699305429
   16.633434870    1.828297478    1.828297479    1.828297388
   16.673513026    1.993344572    1.993344574    1.993344482
   16.713591182    2.116445509    2.116445510    2.116445420
   16.753669339    2.127462184    2.127462186    2.127462097
   16.793747495    1.997904410    1.997904412    1.997904321
   16.833825651    1.786120502    1.786120504    1.786120413
   16.873903808    1.602559321    1.602559323    1.602559232
   16.913981964    1.489585281    1.489585282    1.489585191
   16.954060120    1.446991747    1.446991748    1.446991655
   16.994138277    1.459386882    1.459386883    1.459386788
   17.034216433    1.462422929    1.462422929    1.462422833
   17.074294589    1.436637151    1.436637151    1.436637052
   17.114372745    1.417890814    1.417890814    1.417890712
   17.154450902    1.413694135    1.413694134    1.413694032
   17.194529058    1.389805117    1.389805116    1.389805014
   17.234607214    1.381822826    1.381822825    1.381822723
   17.274685371    1.434286959    1.434286958    1.434286856
   17.314763527    1.535057608    1.535057608    1.535057505
   17.354841683    1.678074229    1.678074228    1.678074122
   17.394919840    1.839320369    1.839320369    1.839320261
   17.434997996    1.977588369    1.977588369    1.977588262
   17.475076152    2.052816988    2.052816988    2.052816881
   17.515154309    2.014073344    2.014073344    2.014073239
   17.555232465    1.868436490    1.868436491    1.868436388
   17.595310621    1.686454949    1.686454949    1.686454848
   17.635388778    1.529151243    1.529151244    1.529151142
   17.675466934    1.407342389    1.407342390    1.407342287
   17.715545090    1.325333953    1.325333954    1.325333849
   17.755623246    1.300373937    1.300373939    1.300373833
   17.795701403    1.318610655    1.318610657    1.318610555
   17.835779559    1.298552059    1.298552061    1.298551962
   17.875857715    1.230703846    1.230703848    1.230703749
   17.915935872    1.187157940    1.187157941    1.187157840
   17.956014028    1.190797363    1.190797364    1.190797261
   17.996092184    1.192090232    1.192090232    1.192090124
   18.036170341    1.155630076    1.155630076    1.155629962
   18.076248497    1.106566224    1.106566224    1.106566106
   18.116326653    1.089415703    1.089415703    1.089415583
   18.156404810    1.129467922    1.129467922    1.129467802
   18.196482966    1.219258733    1.219258732    1.219258613
   18.236561122    1.317657599    1.317657598    1.317657480
   18.276639279    1.392240798    1.392240797    1.392240680
   18.316717435    1.402750363    1.402750362    1.402750249
   18.356795591    1.359926085    1.359926084    1.359925972
   18.396873747    1.353039497    1.353039496    1.353039382
   18.436951904    1.423534768    1.423534767    1.423534650
   18.477030060    1.550513677    1.550513676    1.550513554
   18.517108216    1.734108447    1.734108446    1.734108321
   18.557186373    1.908308134    1.908308134    1.908308012
   18.597264529    1.933671738    1.933671737    1.933671622
   18.637342685    1.877910707    1.877910707    1.877910590
   18.677420842    1.843395595    1.843395594    1.843395472
   18.717498998    1.856166771    1.856166770    1.856166645
   18.757577154    1.903513982    1.903513981    1.903513856
   18.797655311    1.901157023    1.901157022    1.901156901
   18.837733467    1.822199106    1.822199105    1.822198989
   18.877811623    1.701361372    1.701361371    1.701361256
   18.917889780    1.552071420    1.552071420    1.552071301
   18.957967936    1.382097862    1.382097862    1.382097739
   18.998046092    1.211993869    1.211993869    1.211993741
   19.038124248    1.084771579    1.084771579    1.084771449
   19.078202405    1.032011795    1.032011795    1.032011664
   19.118280561    1.029986355    1.029986355    1.029986224
   19.158358717    1.055471400    1.055471400    1.055471269
   19.198436874    1.087499340    1.087499340    1.087499208
   19.238515030    1.091584044    1.091584045    1.091583912
   19.278593186    1.049209530    1.049209530    1.049209397
   19.318671343    0.993611141    0.993611142    0.993611008
   19.358749499    0.984748943    0.984748944    0.984748810
   19.398827655    1.050157313    1.050157314    1.050157178
   19.438905812    1.169712975    1.169712975    1.169712834
   19.478983968    1.309879734    1.309879735    1.309879589
   19.519062124    1.418053589    1.418053590    1.418053445
   19.559140281    1.460885747    1.460885748    1.460885605
   19.599218437    1.513562324    1.513562325    1.513562182
   19.639296593    1.590548971    1.590548973    1.590548828
   19.679374749    1.587695628    1.587695631    1.587695488
   19.719452906    1.456766596    1.456766599    1.456766459
   19.759531062    1.291788242    1.291788244    1.291788103
   19.799609218    1.190393876    1.190393878    1.190393734
   19.839687375    1.169041853    1.169041854    1.169041709
   19.879765531    1.211319961    1.211319963    1.211319816
   19.919843687    1.310751248    1.310751248    1.310751102
   19.959921844    1.443621001    1.443621001    1.443620855
   20.000000000    1.574617748    1.574617748    1.574617600