# energy grid [eV]     epsr_x  epsr_y  epsr_z
# plasmon frequences [eV]:    16.398193151   16.398192933   16.398193037

    0.121234469-5459.245355880-5459.245374593-5459.245373596
    0.161312625-3080.994902446-3080.994920987-3080.994916122
    0.201390782-1974.645892803-1974.645911265-1974.645904600
    0.241468938-1371.777832246-1371.777850664-1371.777843019
    0.281547094-1007.485020036-1007.485038429-1007.485030190
    0.321625251 -770.673318154 -770.673336529 -770.673327905
    0.361703407 -608.120662542 -608.120680906 -608.120672017
    0.401781563 -491.736607205 -491.736625562 -491.736616484
    0.441859719 -405.558166593 -405.558184943 -405.558175725
    0.481937876 -339.969190267 -339.969208613 -339.969199288
    0.522016032 -288.896470121 -288.896488464 -288.896479056
    0.562094188 -248.351379185 -248.351397525 -248.351388051
    0.602172345 -215.626676509 -215.626694848 -215.626685320
    0.642250501 -188.832477232 -188.832495570 -188.832485997
    0.682328657 -166.617061094 -166.617079431 -166.617069822
    0.722406814 -147.992923152 -147.992941488 -147.992931849
    0.762484970 -132.225053814 -132.225072150 -132.225062484
    0.802563126 -118.757247427 -118.757265763 -118.757256075
    0.842641283 -107.162334072 -107.162352408 -107.162342701
    0.882719439  -97.107853378  -97.107871715  -97.107861991
    0.922797595  -88.331927729  -88.331946065  -88.331936327
    0.962875752  -80.626012815  -80.626031152  -80.626021400
    1.002953908  -73.822373013  -73.822391350  -73.822381587
    1.043032064  -67.784858356  -67.784876695  -67.784866921
    1.083110220  -62.402024618  -62.402042958  -62.402033175
    1.123188377  -57.581940068  -57.581958408  -57.581948616
    1.163266533  -53.248222327  -53.248240668  -53.248230869
    1.203344689  -49.336983239  -49.337001581  -49.336991775
    1.243422846  -45.794451505  -45.794469848  -45.794460036
    1.283501002  -42.575106511  -42.575124855  -42.575115037
    1.323579158  -39.640201426  -39.640219771  -39.640209948
    1.363657315  -36.956585438  -36.956603785  -36.956593957
    1.403735471  -34.495757768  -34.495776116  -34.495766283
    1.443813627  -32.233102714  -32.233121064  -32.233111226
    1.483891784  -30.147267133  -30.147285484  -30.147275642
    1.523969940  -28.219650754  -28.219669107  -28.219659261
    1.564048096  -26.433986475  -26.434004829  -26.433994980
    1.604126253  -24.775992830  -24.776011186  -24.776001333
    1.644204409  -23.233084696  -23.233103054  -23.233093198
    1.684282565  -21.794131205  -21.794149564  -21.794139705
    1.724360721  -20.449252133  -20.449270494  -20.449260632
    1.764438878  -19.189645755  -19.189664118  -19.189654253
    1.804517034  -18.007442534  -18.007460899  -18.007451031
    1.844595190  -16.895580066  -16.895598433  -16.895588562
    1.884673347  -15.847695542  -15.847713910  -15.847704038
    1.924751503  -14.858032629  -14.858050999  -14.858041124
    1.964829659  -13.921360187  -13.921378559  -13.921368682
    2.004907816  -13.032900613  -13.032918987  -13.032909108
    2.044985972  -12.188265902  -12.188284279  -12.188274397
    2.085064128  -11.383399707  -11.383418086  -11.383408202
    2.125142285  -10.614523789  -10.614542171  -10.614532284
    2.165220441   -9.878087295   -9.878105679   -9.878095790
    2.205298597   -9.170717222   -9.170735608   -9.170725718
    2.245376754   -8.489168277   -8.489186665   -8.489176773
    2.285454910   -7.830270022   -7.830288414   -7.830278519
    2.325533066   -7.190868797   -7.190887191   -7.190877295
    2.365611222   -6.567761298   -6.567779694   -6.567769797
    2.405689379   -5.957616178   -5.957634577   -5.957624677
    2.445767535   -5.356879915   -5.356898317   -5.356888416
    2.485845691   -4.761665256   -4.761683660   -4.761673758
    2.525923848   -4.167629661   -4.167648068   -4.167638164
    2.566002004   -3.569883028   -3.569901438   -3.569891533
    2.606080160   -2.963067963   -2.963086375   -2.963076469
    2.646158317   -2.342090357   -2.342108773   -2.342098866
    2.686236473   -1.705026342   -1.705044761   -1.705034852
    2.726314629   -1.062539435   -1.062557857   -1.062547947
    2.766392786   -0.460332385   -0.460350809   -0.460340896
    2.806470942    0.013737632    0.013719204    0.013729122
    2.846549098    0.344228074    0.344209643    0.344219565
    2.886627255    0.552012599    0.551994164    0.552004092
    2.926705411    0.459356720    0.459338281    0.459348219
    2.966783567    0.237748786    0.237730345    0.237740281
    3.006861723    0.358840005    0.358821561    0.358831491
    3.046939880    0.676405369    0.676386923    0.676396855
    3.087018036    0.696324083    0.696305633    0.696315577
    3.127096192    0.372636768    0.372618315    0.372628269
    3.167174349    0.072222904    0.072204449    0.072214404
    3.207252505   -0.000658579   -0.000677038   -0.000667088
    3.247330661   -0.053479360   -0.053497823   -0.053487871
    3.287408818   -0.307702750   -0.307721218   -0.307711257
    3.327486974   -0.535046242   -0.535064714   -0.535054749
    3.367565130   -0.601889461   -0.601907936   -0.601897971
    3.407643287   -0.547820152   -0.547838632   -0.547828673
    3.447721443   -0.500151505   -0.500169988   -0.500160033
    3.487799599   -0.528619901   -0.528638388   -0.528628425
    3.527877756   -0.601787480   -0.601805970   -0.601795996
    3.567955912   -0.531954089   -0.531972583   -0.531962608
    3.608034068   -0.225476370   -0.225494869   -0.225484896
    3.648112224    0.196606924    0.196588422    0.196598392
    3.688190381    0.621925990    0.621907484    0.621917457
    3.728268537    0.816516192    0.816497681    0.816507662
    3.768346693    0.704396000    0.704377486    0.704387471
    3.808424850    0.611287756    0.611269237    0.611279222
    3.848503006    0.786251709    0.786233186    0.786243168
    3.888581162    1.134294423    1.134275894    1.134285879
    3.928659319    1.370376413    1.370357880    1.370367872
    3.968737475    1.316104277    1.316085739    1.316095738
    4.008815631    1.199821015    1.199802473    1.199812476
    4.048893788    1.159194250    1.159175703    1.159185712
    4.088971944    1.192120850    1.192102299    1.192112309
    4.129050100    1.245041478    1.245022922    1.245032928
    4.169128257    1.187871477    1.187852917    1.187862916
    4.209206413    0.805401663    0.805383098    0.805393089
    4.249284569    0.125898303    0.125879732    0.125889734
    4.289362725   -0.531737833   -0.531756408   -0.531746381
    4.329440882   -1.040822097   -1.040840677   -1.040830643
    4.369519038   -1.266590103   -1.266608687   -1.266598656
    4.409597194   -1.349136950   -1.349155539   -1.349145507
    4.449675351   -1.377822307   -1.377840900   -1.377830865
    4.489753507   -1.244178937   -1.244197535   -1.244187494
    4.529831663   -0.947579683   -0.947598286   -0.947588243
    4.569909820   -0.407455737   -0.407474345   -0.407464306
    4.609987976    0.162362815    0.162344202    0.162354236
    4.650066132    0.342590001    0.342571382    0.342581413
    4.690144289   -0.001377194   -0.001395818   -0.001385792
    4.730222445   -0.534713382   -0.534732012   -0.534721983
    4.770300601   -0.812487113   -0.812505748   -0.812495708
    4.810378758   -0.808788990   -0.808807630   -0.808797579
    4.850456914   -0.682624126   -0.682642772   -0.682632713
    4.890535070   -0.609469608   -0.609488259   -0.609478195
    4.930613226   -0.809003997   -0.809022654   -0.809012585
    4.970691383   -1.271234916   -1.271253580   -1.271243506
    5.010769539   -1.942987383   -1.943006054   -1.942995980
    5.050847695   -2.786379828   -2.786398504   -2.786388427
    5.090925852   -3.248631591   -3.248650273   -3.248640193
    5.131004008   -3.117049035   -3.117067723   -3.117057643
    5.171082164   -2.704410398   -2.704429092   -2.704419010
    5.211160321   -2.322835850   -2.322854550   -2.322844463
    5.251238477   -2.063866311   -2.063885017   -2.063874925
    5.291316633   -1.836249446   -1.836268158   -1.836258063
    5.331394790   -1.600834712   -1.600853430   -1.600843331
    5.371472946   -1.371509761   -1.371528484   -1.371518384
    5.411551102   -1.163267930   -1.163286660   -1.163276559
    5.451629259   -0.978752875   -0.978771611   -0.978761509
    5.491707415   -0.805022737   -0.805041479   -0.805031373
    5.531785571   -0.709650274   -0.709669022   -0.709658908
    5.571863727   -0.732098465   -0.732117219   -0.732107097
    5.611941884   -0.805357706   -0.805376467   -0.805366339
    5.652020040   -0.898757711   -0.898776478   -0.898766349
    5.692098196   -1.069447139   -1.069465913   -1.069455786
    5.732176353   -1.241942116   -1.241960896   -1.241950769
    5.772254509   -1.265743061   -1.265761848   -1.265751717
    5.812332665   -1.068708044   -1.068726837   -1.068716702
    5.852410822   -0.756266042   -0.756284842   -0.756274705
    5.892488978   -0.507891592   -0.507910398   -0.507900258
    5.932567134   -0.501468407   -0.501487221   -0.501477074
    5.972645291   -0.765594281   -0.765613101   -0.765602947
    6.012723447   -1.101511946   -1.101530773   -1.101520612
    6.052801603   -1.378299359   -1.378318194   -1.378308028
    6.092879760   -1.633712999   -1.633731841   -1.633721673
    6.132957916   -1.722515210   -1.722534060   -1.722523891
    6.173036072   -1.566196461   -1.566215319   -1.566205150
    6.213114228   -1.321491536   -1.321510401   -1.321500230
    6.253192385   -1.131099610   -1.131118483   -1.131108311
    6.293270541   -1.013060903   -1.013079783   -1.013069607
    6.333348697   -0.929872694   -0.929891582   -0.929881402
    6.373426854   -0.929479280   -0.929498176   -0.929487991
    6.413505010   -0.948138784   -0.948157687   -0.948147497
    6.453583166   -0.813144554   -0.813163464   -0.813153270
    6.493661323   -0.554464461   -0.554483378   -0.554473179
    6.533739479   -0.331302081   -0.331321006   -0.331310800
    6.573817635   -0.253332926   -0.253351857   -0.253341644
    6.613895792   -0.276645491   -0.276664431   -0.276654213
    6.653973948   -0.278375758   -0.278394705   -0.278384484
    6.694052104   -0.344356657   -0.344375612   -0.344365385
    6.734130261   -0.535269855   -0.535288818   -0.535278588
    6.774208417   -0.714663124   -0.714682094   -0.714671863
    6.814286573   -0.755634870   -0.755653849   -0.755643615
    6.854364729   -0.640601978   -0.640620964   -0.640610727
    6.894442886   -0.431728582   -0.431747577   -0.431737336
    6.934521042   -0.178374164   -0.178393166   -0.178382922
    6.974599198    0.093488557    0.093469546    0.093479794
    7.014677355    0.378858023    0.378839004    0.378849256
    7.054755511    0.610554028    0.610535000    0.610545257
    7.094833667    0.646585565    0.646566529    0.646576792
    7.134911824    0.388271488    0.388252444    0.388262711
    7.174989980   -0.092884049   -0.092903102   -0.092892831
    7.215068136   -0.506603385   -0.506622447   -0.506612170
    7.255146293   -0.616435324   -0.616454395   -0.616444114
    7.295224449   -0.515847170   -0.515866250   -0.515855964
    7.335302605   -0.375616994   -0.375636083   -0.375625792
    7.375380762   -0.248401995   -0.248421092   -0.248410796
    7.415458918   -0.110761242   -0.110780348   -0.110770048
    7.455537074    0.004974067    0.004954952    0.004965257
    7.495615230    0.080249812    0.080230688    0.080240998
    7.535693387    0.185390544    0.185371411    0.185381724
    7.575771543    0.322382978    0.322363836    0.322374154
    7.615849699    0.422734779    0.422715627    0.422725950
    7.655927856    0.460778889    0.460759729    0.460770058
    7.696006012    0.465099587    0.465080417    0.465090751
    7.736084168    0.518165811    0.518146632    0.518156969
    7.776162325    0.619144440    0.619125252    0.619135593
    7.816240481    0.696768879    0.696749681    0.696760027
    7.856318637    0.779948136    0.779928929    0.779939280
    7.896396794    0.920242322    0.920223106    0.920233462
    7.936474950    1.045463314    1.045444089    1.045454450
    7.976553106    1.010102558    1.010083323    1.010093690
    8.016631263    0.794921794    0.794902549    0.794912921
    8.056709419    0.583679378    0.583660123    0.583670498
    8.096787575    0.472774086    0.472754821    0.472765202
    8.136865731    0.456114747    0.456095472    0.456105859
    8.176943888    0.572518045    0.572498760    0.572509152
    8.217022044    0.797760485    0.797741190    0.797751587
    8.257100200    1.033486972    1.033467667    1.033478070
    8.297178357    1.189080508    1.189061193    1.189071602
    8.337256513    1.185105575    1.185086250    1.185096666
    8.377334669    1.011489557    1.011470222    1.011480646
    8.417412826    0.773267078    0.773247733    0.773258162
    8.457490982    0.558671188    0.558651833    0.558662264
    8.497569138    0.454564884    0.454545518    0.454555952
    8.537647295    0.474830356    0.474810979    0.474821417
    8.577725451    0.549395095    0.549375707    0.549386150
    8.617803607    0.656431877    0.656412478    0.656422927
    8.657881764    0.779126124    0.779106715    0.779117171
    8.697959920    0.877288546    0.877269127    0.877279589
    8.738038076    0.926291892    0.926272462    0.926282930
    8.778116232    0.981772548    0.981753107    0.981763580
    8.818194389    1.093658067    1.093638615    1.093649093
    8.858272545    1.194837186    1.194817723    1.194828207
    8.898350701    1.210088861    1.210069387    1.210079877
    8.938428858    1.159371799    1.159352314    1.159362811
    8.978507014    1.091706565    1.091687069    1.091697571
    9.018585170    0.984547453    0.984527945    0.984538453
    9.058663327    0.853512209    0.853492690    0.853503203
    9.098741483    0.795951213    0.795931684    0.795942202
    9.138819639    0.808220102    0.808200561    0.808211085
    9.178897796    0.790526135    0.790506583    0.790517114
    9.218975952    0.731161940    0.731142376    0.731152914
    9.259054108    0.699616377    0.699596801    0.699607346
    9.299132265    0.737777345    0.737757758    0.737768307
    9.339210421    0.838978932    0.838959334    0.838969888
    9.379288577    0.948630884    0.948611274    0.948621834
    9.419366733    0.998892843    0.998873221    0.998883786
    9.459444890    0.967083268    0.967063634    0.967074205
    9.499523046    0.877000559    0.876980913    0.876991491
    9.539601202    0.773172511    0.773152853    0.773163438
    9.579679359    0.725513980    0.725494310    0.725504900
    9.619757515    0.774021731    0.774002049    0.774012645
    9.659835671    0.904478408    0.904458713    0.904469316
    9.699913828    1.029358742    1.029339035    1.029349643
    9.739991984    1.103515991    1.103496272    1.103506887
    9.780070140    1.141357176    1.141337444    1.141348066
    9.820148297    1.174359338    1.174339593    1.174350223
    9.860226453    1.226585538    1.226565781    1.226576418
    9.900304609    1.318158629    1.318138859    1.318149501
    9.940382766    1.437999982    1.437980199    1.437990848
    9.980460922    1.510233301    1.510213505    1.510224160
   10.020539078    1.488265090    1.488245281    1.488255944
   10.060617234    1.398428717    1.398408895    1.398419564
   10.100695391    1.283542465    1.283522630    1.283533306
   10.140773547    1.206754458    1.206734610    1.206745293
   10.180851703    1.145837336    1.145817474    1.145828165
   10.220929860    1.044803029    1.044783154    1.044793851
   10.261008016    0.929071619    0.929051731    0.929062434
   10.301086172    0.827094161    0.827074259    0.827084969
   10.341164329    0.753115972    0.753096057    0.753106773
   10.381242485    0.772841447    0.772821518    0.772832242
   10.421320641    0.888893343    0.888873401    0.888884133
   10.461398798    1.003639888    1.003619932    1.003630671
   10.501476954    1.079940222    1.079920253    1.079931000
   10.541555110    1.134612133    1.134592149    1.134602904
   10.581633267    1.182434893    1.182414896    1.182425657
   10.621711423    1.236426379    1.236406369    1.236417136
   10.661789579    1.295741914    1.295721889    1.295732663
   10.701867735    1.317384508    1.317364469    1.317375249
   10.741945892    1.289013395    1.288993342    1.289004129
   10.782024048    1.238122006    1.238101939    1.238112733
   10.822102204    1.168088623    1.168068541    1.168079344
   10.862180361    1.095651808    1.095631712    1.095642523
   10.902258517    1.069451835    1.069431725    1.069442543
   10.942336673    1.104174460    1.104154335    1.104165160
   10.982414830    1.131196305    1.131176166    1.131186999
   11.022492986    1.083517961    1.083497807    1.083508647
   11.062571142    0.997843970    0.997823801    0.997834649
   11.102649299    0.963052753    0.963032569    0.963043425
   11.142727455    0.997449545    0.997429346    0.997440210
   11.182805611    1.009134066    1.009113852    1.009124724
   11.222883768    0.955746650    0.955726422    0.955737302
   11.262961924    0.932510650    0.932490407    0.932501295
   11.303040080    0.989855122    0.989834863    0.989845759
   11.343118236    1.070312631    1.070292357    1.070303261
   11.383196393    1.125827875    1.125807585    1.125818497
   11.423274549    1.179961365    1.179941060    1.179951979
   11.463352705    1.248212355    1.248192035    1.248202962
   11.503430862    1.283245587    1.283225252    1.283236186
   11.543509018    1.235373837    1.235353486    1.235364428
   11.583587174    1.172385473    1.172365106    1.172376056
   11.623665331    1.166395940    1.166375557    1.166386515
   11.663743487    1.189934702    1.189914304    1.189925270
   11.703821643    1.192533580    1.192513166    1.192524140
   11.743899800    1.173355011    1.173334580    1.173345562
   11.783977956    1.181292227    1.181271781    1.181282770
   11.824056112    1.221906898    1.221886435    1.221897434
   11.864134269    1.245976721    1.245956242    1.245967250
   11.904212425    1.256032603    1.256012108    1.256023125
   11.944290581    1.317784809    1.317764297    1.317775322
   11.984368737    1.440300029    1.440279501    1.440290533
   12.024446894    1.553767319    1.553746773    1.553757815
   12.064525050    1.601633087    1.601612525    1.601623575
   12.104603206    1.600263066    1.600242488    1.600253546
   12.144681363    1.574109559    1.574088963    1.574100031
   12.184759519    1.510848571    1.510827959    1.510839037
   12.224837675    1.458548765    1.458528135    1.458539222
   12.264915832    1.455053071    1.455032424    1.455043519
   12.304993988    1.447450279    1.447429615    1.447440719
   12.345072144    1.427536137    1.427515456    1.427526569
   12.385150301    1.435276297    1.435255598    1.435266719
   12.425228457    1.448445235    1.448424518    1.448435649
   12.465306613    1.405158088    1.405137354    1.405148494
   12.505384770    1.338374452    1.338353701    1.338364850
   12.545462926    1.294985198    1.294964429    1.294975588
   12.585541082    1.243078707    1.243057920    1.243069089
   12.625619238    1.185224520    1.185203715    1.185214892
   12.665697395    1.156083270    1.156062448    1.156073633
   12.705775551    1.152892982    1.152872141    1.152883334
   12.745853707    1.173648788    1.173627929    1.173639131
   12.785931864    1.225560470    1.225539592    1.225550803
   12.826010020    1.297574491    1.297553596    1.297564815
   12.866088176    1.358223442    1.358202528    1.358213758
   12.906166333    1.411062002    1.411041069    1.411052309
   12.946244489    1.462929124    1.462908173    1.462919423
   12.986322645    1.496207660    1.496186690    1.496197949
   13.026400802    1.489572558    1.489551570    1.489562838
   13.066478958    1.453024027    1.453003019    1.453014297
   13.106557114    1.445603237    1.445582210    1.445593498
   13.146635271    1.474073143    1.474052097    1.474063396
   13.186713427    1.510998173    1.510977108    1.510988416
   13.226791583    1.565677538    1.565656454    1.565667773
   13.266869739    1.603689527    1.603668423    1.603679752
   13.306947896    1.574471821    1.574450698    1.574462039
   13.347026052    1.494252103    1.494230961    1.494242313
   13.387104208    1.404281665    1.404260503    1.404271865
   13.427182365    1.332210129    1.332188947    1.332200318
   13.467260521    1.272692344    1.272671143    1.272682523
   13.507338677    1.212876609    1.212855388    1.212866778
   13.547416834    1.159919726    1.159898484    1.159909884
   13.587494990    1.093492376    1.093471115    1.093482525
   13.627573146    1.036240219    1.036218937    1.036230359
   13.667651303    1.023431410    1.023410107    1.023421540
   13.707729459    1.041373611    1.041352288    1.041363730
   13.747807615    1.014670320    1.014648976    1.014660429
   13.787885772    0.931292952    0.931271588    0.931283051
   13.827963928    0.839795549    0.839774164    0.839785638
   13.868042084    0.776963731    0.776942325    0.776953809
   13.908120240    0.760752232    0.760730805    0.760742299
   13.948198397    0.768590953    0.768569505    0.768581010
   13.988276553    0.774803221    0.774781752    0.774793268
   14.028354709    0.789408542    0.789387052    0.789398579
   14.068432866    0.793986712    0.793965201    0.793976738
   14.108511022    0.774252582    0.774231049    0.774242597
   14.148589178    0.773406215    0.773384660    0.773396218
   14.188667335    0.825614614    0.825593038    0.825604607
   14.228745491    0.889643207    0.889621609    0.889633190
   14.268823647    0.900594242    0.900572623    0.900584217
   14.308901804    0.807302470    0.807280829    0.807292437
   14.348979960    0.649718904    0.649697241    0.649708860
   14.389058116    0.528735796    0.528714111    0.528725740
   14.429136273    0.489894082    0.489872375    0.489884015
   14.469214429    0.532800036    0.532778306    0.532789956
   14.509292585    0.616820324    0.616798572    0.616810233
   14.549370741    0.650699279    0.650677504    0.650689178
   14.589448898    0.589997087    0.589975289    0.589986975
   14.629527054    0.532907827    0.532886006    0.532897704
   14.669605210    0.550304912    0.550283068    0.550294776
   14.709683367    0.575798861    0.575776994    0.575788713
   14.749761523    0.595871691    0.595849801    0.595861531
   14.789839679    0.642578377    0.642556463    0.642568205
   14.829917836    0.696018425    0.695996488    0.696008242
   14.869995992    0.739340267    0.739318306    0.739330072
   14.910074148    0.751420154    0.751398170    0.751409948
   14.950152305    0.730480626    0.730458619    0.730470410
   14.990230461    0.697729990    0.697707959    0.697719762
   15.030308617    0.618103076    0.618081021    0.618092838
   15.070386774    0.494258030    0.494235951    0.494247780
   15.110464930    0.428036794    0.428014690    0.428026531
   15.150543086    0.439194974    0.439172845    0.439184698
   15.190621242    0.458982803    0.458960651    0.458972516
   15.230699399    0.446000226    0.445978049    0.445989927
   15.270777555    0.425034630    0.425012429    0.425024320
   15.310855711    0.444314930    0.444292704    0.444304607
   15.350933868    0.477799404    0.477777152    0.477789069
   15.391012024    0.478300079    0.478277802    0.478289732
   15.431090180    0.445726066    0.445703764    0.445715707
   15.471168337    0.401978006    0.401955679    0.401967635
   15.511246493    0.348192410    0.348170057    0.348182025
   15.551324649    0.333143134    0.333120756    0.333132737
   15.591402806    0.404811694    0.404789290    0.404801283
   15.631480962    0.519792374    0.519769944    0.519781949
   15.671559118    0.600744943    0.600722487    0.600734505
   15.711637275    0.636547572    0.636525090    0.636537122
   15.751715431    0.662398011    0.662375503    0.662387548
   15.791793587    0.687161059    0.687138525    0.687150583
   15.831871743    0.707921835    0.707899274    0.707911346
   15.871949900    0.700771620    0.700749033    0.700761121
   15.912028056    0.650007900    0.649985286    0.649997389
   15.952106212    0.576734583    0.576711943    0.576724059
   15.992184369    0.489491082    0.489468415    0.489480544
   16.032262525    0.430610977    0.430588283    0.430600425
   16.072340681    0.419093282    0.419070560    0.419082715
   16.112418838    0.435591722    0.435568973    0.435581142
   16.152496994    0.459048339    0.459025562    0.459037746
   16.192575150    0.441790414    0.441767610    0.441779809
   16.232653307    0.382837579    0.382814747    0.382826961
   16.272731463    0.341954784    0.341931924    0.341944151
   16.312809619    0.352504216    0.352481328    0.352493568
   16.352887776    0.389331190    0.389308274    0.389320528
   16.392965932    0.413137630    0.413114685    0.413126954
   16.433044088    0.426660010    0.426637037    0.426649321
   16.473122244    0.465969336    0.465946335    0.465958632
   16.513200401    0.526101261    0.526078231    0.526090543
   16.553278557    0.581277147    0.581254088    0.581266414
   16.593356713    0.625498730    0.625475642    0.625487983
   16.633434870    0.662760948    0.662737831    0.662750186
   16.673513026    0.707697814    0.707674667    0.707687037
   16.713591182    0.772869030    0.772845854    0.772858239
   16.753669339    0.835388661    0.835365456    0.835377856
   16.793747495    0.862665255    0.862642020    0.862654436
   16.833825651    0.846102413    0.846079147    0.846091579
   16.873903808    0.776961530    0.776938235    0.776950683
   16.913981964    0.667564953    0.667541627    0.667554092
   16.954060120    0.586632276    0.586608920    0.586621399
   16.994138277    0.537148725    0.537125338    0.537137832
   17.034216433    0.505071608    0.505048191    0.505060699
   17.074294589    0.514939773    0.514916325    0.514928849
   17.114372745    0.511202264    0.511178785    0.511191326
   17.154450902    0.462747942    0.462724432    0.462736989
   17.194529058    0.396486178    0.396462636    0.396475210
   17.234607214    0.316566487    0.316542915    0.316555505
   17.274685371    0.247680398    0.247656794    0.247669400
   17.314763527    0.251168977    0.251145340    0.251157961
   17.354841683    0.324271809    0.324248141    0.324260777
   17.394919840    0.425678530    0.425654830    0.425667482
   17.434997996    0.510130990    0.510107258    0.510119925
   17.475076152    0.550950991    0.550927226    0.550939910
   17.515154309    0.568748358    0.568724561    0.568737262
   17.555232465    0.601878310    0.601854480    0.601867197
   17.595310621    0.652548361    0.652524498    0.652537233
   17.635388778    0.714765612    0.714741716    0.714754467
   17.675466934    0.774238195    0.774214265    0.774227033
   17.715545090    0.797645211    0.797621248    0.797634034
   17.755623246    0.762828981    0.762804984    0.762817787
   17.795701403    0.707909766    0.707885736    0.707898555
   17.835779559    0.669123321    0.669099257    0.669112093
   17.875857715    0.640784463    0.640760365    0.640773218
   17.915935872    0.630251215    0.630227082    0.630239953
   17.956014028    0.625454801    0.625430634    0.625443523
   17.996092184    0.600187069    0.600162868    0.600175775
   18.036170341    0.586557217    0.586532981    0.586545906
   18.076248497    0.626252027    0.626227756    0.626240698
   18.116326653    0.689875042    0.689850736    0.689863696
   18.156404810    0.745087404    0.745063063    0.745076040
   18.196482966    0.765246361    0.765221984    0.765234980
   18.236561122    0.732274771    0.732250359    0.732263372
   18.276639279    0.675964655    0.675940207    0.675953238
   18.316717435    0.632019581    0.631995097    0.632008147
   18.356795591    0.606948947    0.606924426    0.606937496
   18.396873747    0.598100085    0.598075527    0.598088615
   18.436951904    0.600624577    0.600599983    0.600613089
   18.477030060    0.598110350    0.598085719    0.598098842
   18.517108216    0.608656237    0.608631570    0.608644710
   18.557186373    0.660237008    0.660212303    0.660225463
   18.597264529    0.725530751    0.725506009    0.725519187
   18.637342685    0.771146413    0.771121633    0.771134830
   18.677420842    0.785758773    0.785733955    0.785747170
   18.717498998    0.773588679    0.773563823    0.773577058
   18.757577154    0.764032869    0.764007975    0.764021230
   18.797655311    0.768379907    0.768354974    0.768368250
   18.837733467    0.773446475    0.773421504    0.773434800
   18.877811623    0.786239556    0.786214546    0.786227860
   18.917889780    0.828328528    0.828303479    0.828316812
   18.957967936    0.887424155    0.887399067    0.887412420
   18.998046092    0.911448968    0.911423841    0.911437214
   19.038124248    0.894673184    0.894648017    0.894661410
   19.078202405    0.896164330    0.896139124    0.896152537
   19.118280561    0.922276142    0.922250896    0.922264330
   19.158358717    0.921222814    0.921197527    0.921210982
   19.198436874    0.890420880    0.890395552    0.890409028
   19.238515030    0.863218835    0.863193466    0.863206962
   19.278593186    0.861499388    0.861473979    0.861487494
   19.318671343    0.885372350    0.885346900    0.885360436
   19.358749499    0.895259189    0.895233697    0.895247254
   19.398827655    0.873866181    0.873840647    0.873854225
   19.438905812    0.868348186    0.868322611    0.868336209
   19.478983968    0.908011503    0.907985885    0.907999503
   19.519062124    0.969451278    0.969425618    0.969439258
   19.559140281    1.026671020    1.026645318    1.026658981
   19.599218437    1.086779643    1.086753898    1.086767582
   19.639296593    1.155653321    1.155627533    1.155641238
   19.679374749    1.193698155    1.193672324    1.193686050
   19.719452906    1.188839581    1.188813706    1.188827455
   19.759531062    1.182909686    1.182883768    1.182897538
   19.799609218    1.200212009    1.200186048    1.200199840
   19.839687375    1.239841589    1.239815583    1.239829398
   19.879765531    1.269392342    1.269366291    1.269380129
   19.919843687    1.252267204    1.252241110    1.252254970
   19.959921844    1.211938813    1.211912673    1.211926557
   20.000000000    1.188560390    1.188534205    1.188548112