wl	n
0.40	1.50818
0.41	1.50670
0.42	1.50539
0.43	1.50426
0.44	1.50342
0.45	1.50227
0.46	1.50114
0.47	1.50056
0.48	1.49955
0.49	1.49873
0.50	1.49795
0.51	1.49722
0.52	1.49639
0.53	1.49594
0.54	1.49521
0.55	1.49463
0.56	1.49405
0.57	1.49370
0.58	1.49324
0.59	1.49270
0.60	1.49216
0.61	1.49177
0.62	1.49143
0.63	1.49086
0.64	1.49055
0.65	1.49037
0.66	1.48993
0.67	1.48990
0.68	1.48941
0.69	1.48913
0.70	1.48875
0.71	1.48840
0.72	1.48830
0.73	1.48788
0.74	1.48741
0.75	1.48695
0.76	1.48675
0.77	1.48662
0.78	1.48597
0.79	1.48609
0.80	1.48555
0.81	1.48561
0.82	1.48579
0.83	1.48583
0.84	1.48539
0.85	1.48565
0.86	1.48567
0.87	1.48541
0.88	1.48508
0.89	1.48506
0.90	1.48487
0.91	1.48469
0.92	1.48449
0.93	1.48446
0.94	1.48425
0.95	1.48411
0.96	1.48409
0.97	1.48394
0.98	1.48364
0.99	1.48353
1.00	1.48358
1.01	1.48352
1.02	1.48359
1.03	1.48108
1.04	1.48059
1.05	1.48115
1.06	1.48085
1.07	1.48067
1.08	1.48092
1.09	1.48092
1.10	1.48058
1.11	1.48070
1.12	1.48047
1.13	1.48000
1.14	1.47956
1.15	1.47957
1.16	1.47943
1.17	1.48002
1.18	1.48007
1.19	1.47950
1.20	1.47939
1.21	1.47892
1.22	1.47874
1.23	1.47896
1.24	1.47850
1.25	1.47838
1.26	1.47879
1.27	1.47935
1.28	1.47872
1.29	1.47804
1.30	1.47796
1.31	1.47809
1.32	1.47829
1.33	1.47720
1.34	1.47761
1.35	1.47742
1.36	1.47763
1.37	1.47835
1.38	1.47751
1.39	1.47728
1.40	1.47705
1.41	1.47756
1.42	1.47769
1.43	1.47776
1.44	1.47706
1.45	1.47707
1.46	1.47673
1.47	1.47719
1.48	1.47798
1.49	1.47746
1.50	1.47689
1.51	1.47638
1.52	1.47612
1.53	1.47613
1.54	1.47646
1.55	1.47707
1.56	1.47674
1.57	1.47632
1.58	1.47620
1.59	1.47595
1.60	1.47591
1.61	1.47603
1.62	1.47613
1.63	1.47543
1.64	1.47573
1.65	1.47555
1.66	1.47525
1.67	1.47507
1.68	1.47563
1.69	1.47540
1.70	1.47513
1.71	1.47502
1.72	1.47524
1.73	1.47516
1.74	1.47472
1.75	1.47485
1.76	1.47435
1.77	1.47475
1.78	1.47529
1.79	1.47469
1.80	1.47460
1.81	1.47481
1.82	1.47477
1.83	1.47427
1.84	1.47462
1.85	1.47395
1.86	1.47465
1.87	1.47471
1.88	1.47491
1.89	1.47468
1.90	1.47467
1.91	1.47431
1.92	1.47462
1.93	1.47450
1.94	1.47446
1.95	1.47446
1.96	1.47418
1.97	1.47432
1.98	1.47355
1.99	1.47372
2.00	1.47395
2.0097	1.46073
2.0190	1.45977
2.0285	1.46039
2.0381	1.46100
2.0478	1.46115
2.0575	1.46315
2.0673	1.46479
2.0773	1.46532
2.0873	1.46743
2.0975	1.46996
2.1077	1.47089
2.1180	1.47088
2.1285	1.47076
2.1390	1.47066
2.1496	1.47066
2.1568	1.47111
2.1676	1.47084
2.1785	1.47017
2.1896	1.47035
2.1970	1.47048
2.2082	1.47025
2.2196	1.47022
2.2272	1.47065
2.2387	1.47148
2.2465	1.47232
2.2582	1.47321
2.2661	1.47387
2.2781	1.47295
2.2861	1.47101
2.2983	1.46898
2.3065	1.46966
2.3188	1.47179
2.3272	1.47235
2.3398	1.47211
2.3482	1.47175
2.3568	1.47152
2.3697	1.47088
2.3784	1.47023
2.3872	1.47041
2.3960	1.47084
2.4093	1.47152
2.4183	1.47166
2.4274	1.47153
2.4365	1.47168
2.4457	1.47186
2.4596	1.47115
2.4690	1.47085
2.4784	1.47024
2.4880	1.46931
2.4975	1.46899
2.5072	1.46913
2.5169	1.46955
2.5268	1.47050
2.5366	1.47134
2.5466	1.47180
2.5567	1.47161
2.5668	1.46997
2.5770	1.46845
2.5873	1.46788
2.5976	1.46812
2.6081	1.46860
2.6186	1.46921
2.6293	1.46970
2.6400	1.46986
2.6454	1.46981
2.6562	1.47009
2.6671	1.47014
2.6782	1.47043
2.6893	1.47062
2.6949	1.47045
2.7061	1.46946
2.7175	1.46875
2.7289	1.46894
2.7347	1.46928
2.7462	1.46963
2.7579	1.46981
2.7697	1.46889
2.7756	1.46868
2.7876	1.46878
2.7996	1.46908
2.8057	1.46945
2.8179	1.46983
2.8240	1.46949
2.8364	1.46897
2.8489	1.46918
2.8551	1.46910
2.8678	1.46845
2.8741	1.46786
2.8869	1.46695
2.8998	1.46743
2.9063	1.46756
2.9194	1.46764
2.9260	1.46790
2.9393	1.46852
2.9460	1.46820
2.9594	1.46773
2.9662	1.46817
2.9798	1.46838
2.9867	1.46801
2.9936	1.46762
3.0075	1.46669
3.0145	1.46624
3.0286	1.46603
3.0357	1.46625
3.0499	1.46680
3.0571	1.46692
3.0644	1.46659
3.0789	1.46550
3.0863	1.46529
3.0936	1.46509
3.1085	1.46496
3.1159	1.46511
3.1234	1.46516
3.1386	1.46431
3.1462	1.46405
3.1538	1.46400
3.1693	1.46339
3.1770	1.46305
3.1848	1.46270
3.1927	1.46195
3.2085	1.46036
3.2164	1.46006
3.2244	1.45965
3.2325	1.45907
3.2487	1.45816
3.2569	1.45754
3.2651	1.45626
3.2733	1.45446
3.2899	1.45110
3.2983	1.44961
3.3067	1.44849
3.3152	1.44839
3.3237	1.45011
3.3322	1.45402
3.3494	1.46332
3.3581	1.46371
3.3668	1.46128
3.3756	1.46047
3.3844	1.46569
3.3933	1.47491
3.4022	1.48192
3.4111	1.48471
3.4292	1.48577
3.4383	1.48508
3.4474	1.48410
3.4566	1.48338
3.4658	1.48301
3.4751	1.48240
3.4845	1.48114
3.4939	1.47957
3.5033	1.47848
3.5128	1.47843
3.5224	1.47902
3.5320	1.47935
3.5416	1.47892
3.5513	1.47799
3.5611	1.47696
3.5709	1.47614
3.5807	1.47571
3.5907	1.47509
3.6006	1.47422
3.6107	1.47358
3.6207	1.47334
3.6309	1.47323
3.6411	1.47281
3.6513	1.47226
3.6617	1.47197
3.6720	1.47182
3.6825	1.47156
3.6930	1.47131
3.7035	1.47127
3.7141	1.47146
3.7248	1.47136
3.7355	1.47089
3.7463	1.47058
3.7572	1.47037
3.7681	1.46985
3.7791	1.46933
3.7901	1.46923
3.8013	1.46912
3.8124	1.46898
3.8237	1.46890
3.8350	1.46880
3.8464	1.46881
3.8578	1.46891
3.8693	1.46883
3.8809	1.46852
3.8926	1.46815
3.9043	1.46787
3.9161	1.46779
3.9280	1.46793
3.9399	1.46807
3.9519	1.46811
3.9640	1.46801
3.9762	1.46780
3.9884	1.46764
4.0007	1.46727
4.0131	1.46662
4.0255	1.46626
4.0381	1.46640
4.0507	1.46648
4.0634	1.46614
4.0762	1.46566
4.0890	1.46530
4.1020	1.46505
4.1150	1.46509
4.1281	1.46534
4.1413	1.46527
4.1546	1.46480
4.1679	1.46465
4.1814	1.46486
4.1949	1.46481
4.2085	1.46475
4.2222	1.46486
4.2360	1.46391
4.2499	1.46312
4.2639	1.46342
4.2780	1.46331
4.2921	1.46309
4.3064	1.46324
4.3208	1.46320
4.3352	1.46277
4.3498	1.46221
4.3644	1.46197
4.3791	1.46193
4.3940	1.46172
4.4089	1.46149
4.4240	1.46146
4.4391	1.46141
4.4544	1.46127
4.4697	1.46101
4.4852	1.46068
4.5008	1.46015
4.5165	1.45943
4.5323	1.45897
4.5482	1.45895
4.5642	1.45917
4.5803	1.45916
4.5965	1.45874
4.6129	1.45831
4.6294	1.45787
4.6460	1.45747
4.6627	1.45713
4.6795	1.45687
4.6965	1.45673
4.7136	1.45661
4.7308	1.45625
4.7481	1.45579
4.7655	1.45552
4.7831	1.45498
4.8008	1.45415
4.8187	1.45386
4.8367	1.45388
4.8548	1.45346
4.8730	1.45305
4.8914	1.45290
4.9100	1.45258
4.9286	1.45196
4.9474	1.45140
4.9664	1.45100
4.9855	1.45040
5.0047	1.44974
5.0241	1.44912
5.0437	1.44825
5.0634	1.44810
5.0832	1.44792
5.1033	1.44714
5.1234	1.44634
5.1438	1.44570
5.1643	1.44497
5.1849	1.44416
5.2057	1.44317
5.2267	1.44205
5.2479	1.44080
5.2692	1.43950
5.2907	1.43809
5.3124	1.43626
5.3343	1.43445
5.3563	1.43266
5.3785	1.43050
5.4009	1.42834
5.4235	1.42622
5.4463	1.42379
5.4693	1.42060
5.4925	1.41665
5.5159	1.41254
5.5394	1.40778
5.5632	1.40181
5.5872	1.39375
5.6114	1.38371
5.6358	1.36953
5.6604	1.34661
5.6852	1.30936
5.7103	1.25301
5.7355	1.23647
5.7610	1.34527
5.7867	1.53325
5.8127	1.65705
5.8389	1.65492
5.8653	1.60143
5.8919	1.55983
5.9188	1.53767
5.9460	1.52497
5.9734	1.51370
6.0011	1.50416
6.0290	1.49716
6.0571	1.49099
6.0856	1.48632
6.1143	1.48305
6.1433	1.47981
6.1725	1.47641
6.2020	1.47325
6.2319	1.47075
6.2620	1.46782
6.2924	1.46437
6.3231	1.46119
6.3541	1.45837
6.3854	1.45599
6.4170	1.45332
6.4489	1.45022
6.4811	1.44677
6.5137	1.44267
6.5466	1.43865
6.5798	1.43289
6.6134	1.42485
6.6473	1.41211
6.6816	1.40010
6.7162	1.40407
6.7512	1.41925
6.7865	1.42839
6.8223	1.42640
6.8583	1.42716
6.8948	1.44208
6.9317	1.46484
6.9690	1.49232
7.0066	1.50573
7.0447	1.49279
7.0832	1.47112
7.1221	1.45677
7.1615	1.45125
7.2013	1.45536
7.2415	1.46115
7.2822	1.45959
7.3233	1.45466
7.3649	1.45062
7.4070	1.44538
7.4496	1.43947
7.4926	1.43269
7.5362	1.42526
7.5803	1.41714
7.6249	1.40742
7.6700	1.39600
7.7156	1.38276
7.7618	1.36666
7.8086	1.35944
7.8559	1.37624
7.9038	1.39786
7.9523	1.39825
8.0014	1.40121
8.0511	1.43175
8.1014	1.46268
8.1524	1.46081
8.2040	1.42745
8.2562	1.38049
8.3091	1.35741
8.3628	1.39213
8.4171	1.44491
8.4721	1.46234
8.5278	1.45590
8.5843	1.44851
8.6415	1.47517
8.6995	1.57461
8.7583	1.68010
8.8179	1.70927
8.8783	1.68768
8.9395	1.66124
9.0016	1.63853
9.0645	1.61902
9.1284	1.60238
9.1931	1.58876
9.2588	1.57771
9.3254	1.57241
9.3930	1.57482
9.4615	1.57671
9.5311	1.56890
9.6017	1.55600
9.6733	1.54576
9.7461	1.53653
9.8199	1.52516
9.8949	1.51006
9.9710	1.49760
10.048	1.50342
10.127	1.52393
10.207	1.53760
10.288	1.54211
10.370	1.54943
10.453	1.55606
10.538	1.55564
10.625	1.55099
10.713	1.54408
10.802	1.53806
10.893	1.53598
10.985	1.53809
11.079	1.53925
11.174	1.53546
11.272	1.53047
11.370	1.52555
11.471	1.52025
11.573	1.51577
11.678	1.51261
11.784	1.51555
11.892	1.52682
12.002	1.53382
12.114	1.53231
12.229	1.52986
12.345	1.52916
12.464	1.52878
12.585	1.52539
12.708	1.52006
12.834	1.51388
12.962	1.50846
13.093	1.50305
13.227	1.51166
13.363	1.53752
13.502	1.54967
13.645	1.54161
13.790	1.53237
13.938	1.52831
14.089	1.52547
14.244	1.52376
14.403	1.52155
14.564	1.51834
14.730	1.51581
14.899	1.51541
15.072	1.51500
15.250	1.51263
15.431	1.51126
15.617	1.50974
15.808	1.50641
16.003	1.50594
16.203	1.50869
16.408	1.50994
16.618	1.50916
16.834	1.50654
17.056	1.50484
17.283	1.50405
17.517	1.50133
17.757	1.49797
18.003	1.49843
18.257	1.49981
18.518	1.49776
18.786	1.49549
19.062	1.49301
19.347	1.48787
19.640	1.48558
19.942	1.48818

wl	k
0.40	2.34E-07
0.41	2.12E-07
0.42	2.05E-07
0.43	1.92E-07
0.44	1.68E-07
0.45	1.74E-07
0.46	1.46E-07
0.47	1.35E-07
0.48	1.51E-07
0.49	1.46E-07
0.50	1.55E-07
0.51	1.49E-07
0.52	1.53E-07
0.53	1.56E-07
0.54	1.66E-07
0.55	1.74E-07
0.56	1.78E-07
0.57	1.86E-07
0.58	1.92E-07
0.59	1.78E-07
0.60	2.43E-07
0.61	2.11E-07
0.62	1.98E-07
0.63	1.77E-07
0.64	1.79E-07
0.65	1.58E-07
0.66	1.48E-07
0.67	1.33E-07
0.68	1.15E-07
0.69	1.23E-07
0.70	1.36E-07
0.71	1.31E-07
0.72	1.53E-07
0.73	1.62E-07
0.74	1.62E-07
0.75	1.49E-07
0.76	1.04E-07
0.77	6.31E-08
0.78	1.40E-07
0.79	1.13E-07
0.80	9.92E-08
0.81	8.90E-08
0.82	1.26E-07
0.83	3.68E-08
0.84	7.54E-08
0.85	1.05E-07
0.86	1.50E-07
0.87	3.89E-08
0.88	6.32E-08
0.89	4.55E-07
0.90	1.82E-07
0.91	8.71E-07
0.92	6.45E-07
0.93	4.64E-07
0.94	4.39E-07
0.95	8.95E-08
0.96	6.18E-07
0.97	7.49E-08
0.98	9.96E-08
0.99	4.82E-07
1.00	1.21E-07
1.01	8.89E-07
1.02	7.97E-07
1.03	7.87E-07
1.04	7.96E-07
1.05	6.94E-07
1.06	6.99E-07
1.07	6.30E-07
1.08	6.00E-07
1.09	7.77E-07
1.10	7.54E-07
1.11	1.20E-06
1.12	1.60E-06
1.13	2.78E-06
1.14	4.05E-06
1.15	5.13E-06
1.16	6.96E-06
1.17	8.61E-06
1.18	8.52E-06
1.19	5.91E-06
1.20	4.17E-06
1.21	2.79E-06
1.22	1.87E-06
1.23	1.56E-06
1.24	1.33E-06
1.25	1.18E-06
1.26	9.54E-07
1.27	1.10E-06
1.28	1.04E-06
1.29	1.08E-06
1.30	1.09E-06
1.31	1.19E-06
1.32	1.46E-06
1.33	2.39E-06
1.34	6.26E-06
1.35	8.95E-06
1.36	1.00E-05
1.37	1.19E-05
1.38	1.20E-05
1.39	1.25E-05
1.40	1.11E-05
1.41	1.12E-05
1.42	1.20E-05
1.43	1.19E-05
1.44	1.03E-05
1.45	7.85E-06
1.46	6.07E-06
1.47	5.42E-06
1.48	3.92E-06
1.49	3.97E-06
1.50	3.48E-06
1.51	3.16E-06
1.52	2.99E-06
1.53	2.95E-06
1.54	2.95E-06
1.55	3.39E-06
1.56	3.45E-06
1.57	3.69E-06
1.58	4.06E-06
1.59	4.55E-06
1.60	5.14E-06
1.61	6.47E-06
1.62	9.39E-06
1.63	1.01E-05
1.64	1.17E-05
1.65	1.82E-05
1.66	4.11E-05
1.67	6.07E-05
1.68	8.46E-05
1.69	6.41E-05
1.70	6.74E-05
1.71	6.21E-05
1.72	6.38E-05
1.73	5.83E-05
1.74	5.01E-05
1.75	4.16E-05
1.76	3.43E-05
1.77	3.15E-05
1.78	3.36E-05
1.79	3.08E-05
1.80	2.56E-05
1.81	2.19E-05
1.82	2.02E-05
1.83	2.01E-05
1.84	2.04E-05
1.85	2.22E-05
1.86	2.38E-05
1.87	2.27E-05
1.88	2.53E-05
1.89	3.64E-05
1.90	6.07E-05
1.91	7.26E-05
1.92	5.15E-05
1.93	3.78E-05
1.94	3.73E-05
1.95	3.93E-05
1.96	3.09E-05
1.97	2.48E-05
1.98	2.31E-05
1.99	2.29E-05
2.00	2.34E-05
2.0097	2.37E-05
2.0190	2.42E-05
2.0285	2.48E-05
2.0381	2.56E-05
2.0478	2.64E-05
2.0575	2.76E-05
2.0673	2.83E-05
2.0773	3.01E-05
2.0873	3.49E-05
2.0975	3.58E-05
2.1077	4.27E-05
2.1180	5.11E-05
2.1285	5.28E-05
2.1390	5.67E-05
2.1496	5.61E-05
2.1568	5.39E-05
2.1676	5.50E-05
2.1785	5.60E-05
2.1896	6.30E-05
2.1970	7.57E-05
2.2082	9.51E-05
2.2196	6.45E-03
2.2272	6.45E-03
2.2387	6.26E-03
2.2465	5.90E-03
2.2582	5.43E-03
2.2661	5.63E-03
2.2781	5.38E-03
2.2861	5.06E-03
2.2983	5.01E-03
2.3065	5.00E-03
2.3188	5.17E-03
2.3272	5.19E-03
2.3398	4.91E-03
2.3482	5.06E-03
2.3568	5.34E-03
2.3697	5.99E-03
2.3784	5.73E-03
2.3872	5.14E-03
2.3960	4.98E-03
2.4093	5.64E-03
2.4183	5.89E-03
2.4274	5.86E-03
2.4365	5.60E-03
2.4457	5.23E-03
2.4596	5.10E-03
2.4690	4.99E-03
2.4784	4.33E-03
2.4880	3.79E-03
2.4975	3.92E-03
2.5072	4.53E-03
2.5169	5.02E-03
2.5268	5.34E-03
2.5366	5.59E-03
2.5466	5.24E-03
2.5567	4.41E-03
2.5668	3.99E-03
2.5770	3.63E-03
2.5873	3.81E-03
2.5976	4.79E-03
2.6081	5.71E-03
2.6186	5.66E-03
2.6293	5.62E-03
2.6400	5.65E-03
2.6454	5.55E-03
2.6562	5.35E-03
2.6671	4.89E-03
2.6782	4.54E-03
2.6893	4.35E-03
2.6949	4.50E-03
2.7061	4.93E-03
2.7175	5.20E-03
2.7289	5.50E-03
2.7347	5.58E-03
2.7462	5.35E-03
2.7579	5.32E-03
2.7697	4.89E-03
2.7756	4.57E-03
2.7876	4.37E-03
2.7996	4.81E-03
2.8057	5.08E-03
2.8179	5.42E-03
2.8240	5.40E-03
2.8364	4.52E-03
2.8489	3.39E-03
2.8551	3.17E-03
2.8678	3.39E-03
2.8741	3.49E-03
2.8869	3.42E-03
2.8998	4.45E-03
2.9063	5.00E-03
2.9194	5.28E-03
2.9260	5.22E-03
2.9393	4.95E-03
2.9460	4.89E-03
2.9594	4.52E-03
2.9662	4.46E-03
2.9798	4.93E-03
2.9867	5.14E-03
2.9936	5.17E-03
3.0075	4.71E-03
3.0145	4.38E-03
3.0286	3.61E-03
3.0357	3.42E-03
3.0499	3.29E-03
3.0571	3.32E-03
3.0644	3.66E-03
3.0789	4.28E-03
3.0863	4.27E-03
3.0936	4.25E-03
3.1085	4.67E-03
3.1159	4.88E-03
3.1234	5.00E-03
3.1386	4.90E-03
3.1462	4.56E-03
3.1538	4.60E-03
3.1693	5.46E-03
3.1770	5.53E-03
3.1848	5.40E-03
3.1927	5.05E-03
3.2085	4.58E-03
3.2164	4.74E-03
3.2244	4.96E-03
3.2325	5.07E-03
3.2487	4.94E-03
3.2569	4.86E-03
3.2651	5.19E-03
3.2733	6.09E-03
3.2899	9.62E-03
3.2983	1.23E-02
3.3067	1.57E-02
3.3152	2.03E-02
3.3237	2.54E-02
3.3322	2.92E-02
3.3494	2.77E-02
3.3581	2.47E-02
3.3668	2.50E-02
3.3756	3.02E-02
3.3844	3.65E-02
3.3933	3.77E-02
3.4022	3.31E-02
3.4111	2.72E-02
3.4292	1.97E-02
3.4383	1.70E-02
3.4474	1.50E-02
3.4566	1.35E-02
3.4658	1.21E-02
3.4751	1.05E-02
3.4845	9.12E-03
3.4939	8.17E-03
3.5033	8.11E-03
3.5128	8.66E-03
3.5224	8.58E-03
3.5320	7.55E-03
3.5416	6.40E-03
3.5513	5.54E-03
3.5611	4.93E-03
3.5709	4.65E-03
3.5807	4.54E-03
3.5907	4.41E-03
3.6006	4.51E-03
3.6107	4.83E-03
3.6207	4.68E-03
3.6309	4.18E-03
3.6411	3.98E-03
3.6513	4.10E-03
3.6617	4.15E-03
3.6720	3.93E-03
3.6825	3.77E-03
3.6930	3.82E-03
3.7035	3.81E-03
3.7141	3.63E-03
3.7248	3.54E-03
3.7355	3.71E-03
3.7463	4.02E-03
3.7572	4.32E-03
3.7681	4.54E-03
3.7791	4.56E-03
3.7901	4.34E-03
3.8013	4.19E-03
3.8124	4.34E-03
3.8237	4.32E-03
3.8350	4.07E-03
3.8464	3.92E-03
3.8578	3.83E-03
3.8693	3.85E-03
3.8809	4.13E-03
3.8926	4.47E-03
3.9043	4.36E-03
3.9161	3.92E-03
3.9280	3.84E-03
3.9399	4.09E-03
3.9519	4.11E-03
3.9640	3.93E-03
3.9762	4.01E-03
3.9884	4.30E-03
4.0007	4.41E-03
4.0131	4.12E-03
4.0255	3.82E-03
4.0381	3.84E-03
4.0507	3.92E-03
4.0634	3.97E-03
4.0762	3.95E-03
4.0890	3.84E-03
4.1020	3.73E-03
4.1150	3.69E-03
4.1281	3.86E-03
4.1413	4.09E-03
4.1546	4.08E-03
4.1679	3.92E-03
4.1814	3.89E-03
4.1949	3.96E-03
4.2085	4.13E-03
4.2222	4.46E-03
4.2360	5.06E-03
4.2499	5.46E-03
4.2639	5.08E-03
4.2780	4.42E-03
4.2921	3.93E-03
4.3064	3.92E-03
4.3208	3.80E-03
4.3352	3.45E-03
4.3498	3.20E-03
4.3644	3.23E-03
4.3791	3.56E-03
4.3940	3.85E-03
4.4089	3.87E-03
4.4240	3.79E-03
4.4391	3.81E-03
4.4544	3.77E-03
4.4697	3.60E-03
4.4852	3.41E-03
4.5008	3.27E-03
4.5165	3.30E-03
4.5323	3.52E-03
4.5482	3.69E-03
4.5642	3.76E-03
4.5803	3.83E-03
4.5965	4.04E-03
4.6129	4.16E-03
4.6294	4.13E-03
4.6460	4.00E-03
4.6627	3.94E-03
4.6795	4.14E-03
4.6965	4.36E-03
4.7136	4.36E-03
4.7308	4.33E-03
4.7481	4.37E-03
4.7655	4.34E-03
4.7831	4.42E-03
4.8008	4.42E-03
4.8187	4.26E-03
4.8367	4.18E-03
4.8548	4.20E-03
4.8730	4.31E-03
4.8914	4.51E-03
4.9100	4.58E-03
4.9286	4.50E-03
4.9474	4.34E-03
4.9664	4.22E-03
4.9855	4.27E-03
5.0047	4.56E-03
5.0241	4.64E-03
5.0437	4.61E-03
5.0634	4.80E-03
5.0832	4.93E-03
5.1033	4.97E-03
5.1234	4.94E-03
5.1438	4.80E-03
5.1643	4.73E-03
5.1849	4.44E-03
5.2057	4.28E-03
5.2267	4.42E-03
5.2479	4.33E-03
5.2692	3.98E-03
5.2907	4.01E-03
5.3124	4.15E-03
5.3343	4.11E-03
5.3563	4.11E-03
5.3785	4.03E-03
5.4009	4.07E-03
5.4235	4.54E-03
5.4463	4.89E-03
5.4693	4.83E-03
5.4925	4.85E-03
5.5159	5.35E-03
5.5394	5.97E-03
5.5632	6.51E-03
5.5872	7.00E-03
5.6114	7.86E-03
5.6358	8.77E-03
5.6604	1.18E-02
5.6852	2.20E-02
5.7103	8.34E-02
5.7355	2.21E-01
5.7610	3.50E-01
5.7867	3.64E-01
5.8127	2.46E-01
5.8389	1.02E-01
5.8653	3.97E-02
5.8919	2.45E-02
5.9188	1.92E-02
5.9460	1.56E-02
5.9734	1.22E-02
6.0011	1.07E-02
6.0290	9.96E-03
6.0571	9.68E-03
6.0856	9.72E-03
6.1143	9.62E-03
6.1433	9.42E-03
6.1725	9.49E-03
6.2020	8.93E-03
6.2319	8.23E-03
6.2620	8.03E-03
6.2924	7.71E-03
6.3231	7.52E-03
6.3541	7.86E-03
6.3854	8.53E-03
6.4170	8.57E-03
6.4489	7.87E-03
6.4811	7.41E-03
6.5137	7.79E-03
6.5466	8.46E-03
6.5798	8.57E-03
6.6134	9.58E-03
6.6473	1.47E-02
6.6816	3.08E-02
6.7162	5.35E-02
6.7512	6.44E-02
6.7865	6.19E-02
6.8223	6.27E-02
6.8583	7.66E-02
6.8948	9.16E-02
6.9317	9.47E-02
6.9690	8.31E-02
7.0066	5.46E-02
7.0447	2.79E-02
7.0832	1.96E-02
7.1221	2.34E-02
7.1615	3.21E-02
7.2013	3.95E-02
7.2415	3.70E-02
7.2822	2.96E-02
7.3233	2.58E-02
7.3649	2.37E-02
7.4070	2.15E-02
7.4496	2.03E-02
7.4926	2.00E-02
7.5362	2.07E-02
7.5803	2.24E-02
7.6249	2.48E-02
7.6700	2.91E-02
7.7156	3.71E-02
7.7618	5.31E-02
7.8086	8.37E-02
7.8559	1.12E-01
7.9038	1.16E-01
7.9523	1.16E-01
8.0014	1.36E-01
8.0511	1.51E-01
8.1014	1.31E-01
8.1524	9.40E-02
8.2040	7.51E-02
8.2562	9.23E-02
8.3091	1.53E-01
8.3628	2.12E-01
8.4171	2.18E-01
8.4721	2.00E-01
8.5278	2.00E-01
8.5843	2.28E-01
8.6415	2.92E-01
8.6995	3.31E-01
8.7583	2.75E-01
8.8179	1.77E-01
8.8783	1.13E-01
8.9395	7.85E-02
9.0016	5.75E-02
9.0645	4.44E-02
9.1284	3.66E-02
9.1931	3.38E-02
9.2588	3.48E-02
9.3254	3.89E-02
9.3930	3.99E-02
9.4615	2.99E-02
9.5311	1.63E-02
9.6017	1.02E-02
9.6733	8.77E-03
9.7461	8.58E-03
9.8199	9.73E-03
9.8949	1.55E-02
9.9710	3.34E-02
10.048	5.75E-02
10.127	6.74E-02
10.207	6.14E-02
10.288	5.68E-02
10.370	5.38E-02
10.453	4.39E-02
10.538	3.29E-02
10.625	2.67E-02
10.713	2.42E-02
10.802	2.41E-02
10.893	2.58E-02
10.985	2.48E-02
11.079	1.96E-02
11.174	1.46E-02
11.272	1.31E-02
11.370	1.34E-02
11.471	1.44E-02
11.573	1.76E-02
11.678	2.35E-02
11.784	3.20E-02
11.892	3.53E-02
12.002	2.89E-02
12.114	2.29E-02
12.229	2.10E-02
12.345	2.09E-02
12.464	1.77E-02
12.585	1.24E-02
12.708	1.08E-02
12.834	1.23E-02
12.962	1.71E-02
13.093	2.81E-02
13.227	4.44E-02
13.363	4.41E-02
13.502	2.36E-02
13.645	1.06E-02
13.790	6.29E-03
13.938	3.83E-03
14.089	3.67E-03
14.244	3.87E-03
14.403	3.93E-03
14.564	3.65E-03
14.730	3.54E-03
14.899	3.29E-03
15.072	1.90E-03
15.250	2.67E-03
15.431	4.59E-03
15.617	6.46E-03
15.808	7.22E-03
16.003	6.82E-03
16.203	5.75E-03
16.408	4.52E-03
16.618	3.24E-03
16.834	4.21E-03
17.056	6.39E-03
17.283	5.17E-03
17.517	4.35E-03
17.757	5.50E-03
18.003	6.08E-03
18.257	6.93E-03
18.518	8.55E-03
18.786	1.01E-02
19.062	1.34E-02
19.347	1.53E-02
19.640	1.62E-02
19.942	1.61E-02
