wl	n
0.2100	1.243
0.2200	1.315
0.2300	1.404
0.2400	1.497
0.2500	1.567
0.2600	1.600
0.2700	1.598
0.2800	1.569
0.2900	1.522
0.3000	1.470
0.3100	1.428
0.3200	1.400
0.3300	1.379
0.3400	1.359
0.3500	1.338
0.3600	1.316
0.3700	1.297
0.3800	1.279
0.3900	1.263
0.4000	1.247
0.4100	1.229
0.4200	1.212
0.4300	1.196
0.4400	1.180
0.4500	1.167
0.4600	1.155
0.4700	1.142
0.4800	1.126
0.4900	1.110
0.5000	1.093
0.5100	1.073
0.5200	1.046
0.5300	1.002
0.5400	0.930
0.5500	0.825
0.5600	0.696
0.5700	0.565
0.5800	0.454
0.5900	0.376
0.6000	0.334
0.6100	0.317
0.6200	0.314
0.6300	0.317
0.6400	0.321
0.6500	0.326
0.6600	0.329
0.6700	0.332
0.6800	0.335
0.6900	0.339
0.7000	0.343
0.7100	0.347
0.7200	0.350
0.7300	0.354
0.7400	0.357
0.7500	0.360
0.7600	0.363
0.7700	0.367
0.7800	0.371
0.7900	0.377
0.8000	0.383
0.8100	0.390
0.8200	0.397
0.8300	0.403
0.8400	0.410
0.8500	0.416
0.8600	0.421
0.8700	0.425
0.8800	0.427
0.8900	0.431
0.9000	0.434
0.9100	0.437
0.9200	0.439
0.9300	0.441
0.9400	0.443
0.9500	0.443
0.9600	0.444
0.9700	0.445
0.9800	0.448
0.9900	0.454
1.0000	0.459
1.0097	0.463
1.0100	0.462
1.0300	0.462
1.0400	0.462
1.0500	0.464
1.0600	0.466
1.0700	0.468
1.0800	0.470
1.0900	0.474
1.1000	0.480
1.1100	0.487
1.1200	0.492
1.1300	0.496
1.1400	0.497
1.1500	0.499
1.1600	0.502
1.1700	0.503
1.1800	0.505
1.1900	0.509
1.2000	0.515
1.2100	0.522
1.2200	0.526
1.2300	0.528
1.2400	0.528
1.2500	0.532
1.2600	0.537
1.2700	0.543
1.2800	0.548
1.2900	0.553
1.3000	0.558
1.3100	0.563
1.3200	0.568
1.3314	0.572
1.3400	0.577
1.3500	0.581
1.3600	0.585
1.3700	0.589
1.3800	0.591
1.3900	0.593
1.4000	0.595
1.4100	0.597
1.4200	0.599
1.4300	0.600
1.4400	0.601
1.4500	0.602
1.4600	0.604
1.4700	0.608
1.4800	0.613
1.4900	0.618
1.5000	0.624
1.5100	0.630
1.5200	0.636
1.5300	0.639
1.5400	0.641
1.5500	0.642
1.5600	0.644
1.5700	0.648
1.5800	0.654
1.5900	0.659
1.6000	0.664
1.6100	0.669
1.6201	0.675
1.6300	0.681
1.6401	0.689
1.6500	0.695
1.6600	0.699
1.6700	0.703
1.6800	0.707
1.6900	0.710
1.7000	0.713
1.7100	0.716
1.7200	0.717
1.7300	0.718
1.7400	0.718
1.7500	0.718
1.7600	0.719
1.7700	0.720
1.7800	0.721
1.7900	0.722
1.8000	0.723
1.8100	0.724
1.8200	0.722
1.8300	0.721
1.8400	0.722
1.8500	0.727
1.8600	0.733
1.8700	0.739
1.8800	0.742
1.8900	0.742
1.9000	0.741
1.9100	0.741
1.9200	0.742
1.9300	0.745
1.9400	0.748
1.9500	0.750
1.9600	0.752
1.9700	0.754
1.9800	0.756
1.9900	0.759
2.0000	0.762
2.0100	0.766
2.0200	0.770
2.0300	0.775
2.0400	0.780
2.0500	0.785
2.0600	0.789
2.0700	0.793
2.0800	0.798
2.0900	0.802
2.1000	0.806
2.1100	0.811
2.1200	0.817
2.1300	0.823
2.1400	0.828
2.1500	0.832
2.1600	0.837
2.1700	0.843
2.1800	0.848
2.1900	0.854
2.2000	0.857
2.2100	0.863
2.2200	0.868
2.2300	0.874
2.2400	0.881
2.2500	0.885
2.2600	0.890
2.2700	0.895
2.2800	0.902
2.2900	0.908
2.3000	0.913
2.3100	0.919
2.3200	0.925
2.3300	0.930
2.3400	0.936
2.3500	0.941
2.3600	0.949
2.3700	0.954
2.3800	0.959
2.3900	0.965
2.4000	0.971
2.4100	0.975
2.4200	0.983
2.4300	0.988
2.4400	0.993
2.4500	0.998
2.4600	1.003
2.4700	1.008
2.4800	1.011
2.4900	1.018
2.5000	1.024
2.5063	1.029
2.5126	1.033
2.5189	1.038
2.5253	1.043
2.5316	1.048
2.5381	1.052
2.5445	1.056
2.5510	1.061
2.5575	1.065
2.5641	1.069
2.5707	1.074
2.5773	1.078
2.5840	1.082
2.5907	1.087
2.5974	1.091
2.6042	1.096
2.6110	1.100
2.6178	1.105
2.6247	1.109
2.6316	1.113
2.6385	1.118
2.6455	1.122
2.6525	1.127
2.6596	1.132
2.6667	1.137
2.6738	1.142
2.6810	1.147
2.6882	1.151
2.6954	1.156
2.7027	1.161
2.7100	1.167
2.7174	1.172
2.7248	1.178
2.7322	1.183
2.7397	1.188
2.7473	1.193
2.7548	1.198
2.7624	1.204
2.7701	1.210
2.7778	1.215
2.7855	1.221
2.7933	1.226
2.8011	1.232
2.8090	1.238
2.8169	1.243
2.8249	1.249
2.8329	1.254
2.8409	1.260
2.8490	1.266
2.8571	1.271
2.8653	1.276
2.8736	1.282
2.8818	1.287
2.8902	1.293
2.8986	1.299
2.9070	1.304
2.9155	1.309
2.9240	1.314
2.9326	1.320
2.9412	1.325
2.9499	1.330
2.9586	1.334
2.9674	1.339
2.9762	1.344
2.9851	1.350
2.9940	1.355
3.0030	1.360
3.0120	1.365
3.0211	1.370
3.0303	1.375
3.0395	1.380
3.0488	1.385
3.0581	1.390
3.0675	1.395
3.0769	1.400
3.0864	1.405
3.0960	1.409
3.1056	1.414
3.1153	1.420
3.1250	1.425
3.1348	1.430
3.1447	1.436
3.1546	1.441
3.1646	1.446
3.1746	1.451
3.1847	1.457
3.1949	1.462
3.2051	1.467
3.2154	1.472
3.2258	1.478
3.2362	1.483
3.2468	1.489
3.2573	1.494
3.2680	1.501
3.2787	1.508
3.2895	1.514
3.3003	1.520
3.3113	1.526
3.3223	1.531
3.3333	1.538
3.3445	1.544
3.3557	1.551
3.3670	1.557
3.3784	1.564
3.3898	1.570
3.4014	1.577
3.4130	1.584
3.4247	1.591
3.4364	1.597
3.4483	1.604
3.4602	1.611
3.4722	1.619
3.4843	1.627
3.4965	1.635
3.5088	1.642
3.5211	1.649
3.5336	1.656
3.5461	1.664
3.5587	1.671
3.5714	1.680
3.5842	1.688
3.5971	1.696
3.6101	1.704
3.6232	1.712
3.6364	1.720
3.6496	1.728
3.6630	1.736
3.6765	1.745
3.6900	1.754
3.7037	1.764
3.7175	1.773
3.7313	1.783
3.7453	1.792
3.7594	1.802
3.7736	1.810
3.7879	1.819
3.8023	1.829
3.8168	1.839
3.8314	1.849
3.8462	1.859
3.8610	1.870
3.8760	1.881
3.8911	1.892
3.9063	1.902
3.9216	1.913
3.9370	1.924
3.9526	1.936
3.9683	1.947
3.9841	1.959
4.0000	1.971
4.0161	1.984
4.0323	1.997
4.0486	2.010
4.0650	2.025
4.0816	2.039
4.0984	2.053
4.1152	2.066
4.1322	2.079
4.1494	2.092
4.1667	2.108
4.1841	2.124
4.2017	2.140
4.2194	2.156
4.2373	2.171
4.2553	2.186
4.2735	2.201
4.2918	2.216
4.3103	2.233
4.3290	2.251
4.3478	2.270
4.3668	2.287
4.3860	2.304
4.4053	2.321
4.4248	2.338
4.4444	2.356
4.4643	2.374
4.4843	2.391
4.5045	2.409
4.5249	2.429
4.5455	2.449
4.5662	2.468
4.5872	2.485
4.6083	2.505
4.6296	2.524
4.6512	2.544
4.6729	2.561
4.6948	2.579
4.7170	2.597
4.7393	2.616
4.7619	2.636
4.7847	2.654
4.8077	2.673
4.8309	2.691
4.8544	2.710
4.8780	2.728
4.9020	2.748
4.9261	2.766
4.9505	2.785
4.9751	2.801
5.0000	2.817
5.0251	2.834
5.0761	2.870
5.1020	2.888
5.1020	2.853
5.1282	2.905
5.1546	2.925
5.1813	2.943
5.2083	2.959
5.2356	2.975
5.2632	2.991
5.2910	3.007
5.3191	3.024
5.3476	3.041
5.3763	3.058
5.4054	3.075
5.4348	3.093
5.4645	3.111
5.4945	3.128
5.5249	3.145
5.5556	3.162
5.5866	3.179
5.6180	3.199
5.6497	3.216
5.6818	3.232
5.7143	3.249
5.7471	3.269
5.7803	3.290
5.8140	3.311
5.8480	3.332
5.8824	3.354
5.9172	3.377
5.9524	3.399
5.9880	3.425
6.0241	3.452
6.0606	3.481
6.0976	3.509
6.1350	3.535
6.1728	3.562
6.2112	3.591
6.2500	3.623
6.2893	3.653
6.3291	3.684
6.3694	3.715
6.4103	3.752
6.4516	3.788
6.4935	3.827
6.5359	3.865
6.5789	3.903
6.6225	3.939
6.6667	3.979
6.7114	4.022
6.7568	4.068
6.8027	4.111
6.8493	4.155
6.8966	4.198
6.9444	4.245
6.9930	4.292
7.0423	4.342
7.0922	4.393
7.1429	4.442
7.1942	4.491
7.2464	4.540
7.2993	4.591
7.3529	4.642
7.4074	4.695
7.4627	4.748
7.5188	4.804
7.5758	4.861
7.6336	4.922
7.6923	4.980
7.7519	5.036
7.8125	5.091
7.8740	5.147
7.9365	5.205
8.0000	5.264
8.0645	5.327
8.1301	5.392
8.1967	5.457
8.2645	5.520
8.3333	5.585
8.4034	5.652
8.4746	5.720
8.5470	5.789
8.6207	5.860
8.6957	5.933
8.7719	6.007
8.8496	6.083
8.9286	6.161
9.0090	6.240
9.0909	6.321
9.1743	6.405
9.2593	6.490
9.3458	6.577
9.4340	6.666
9.5238	6.758
9.6154	6.857
9.7087	6.957
9.8039	7.060
9.9010	7.160
10.0000	7.264
10.1010	7.375
10.2041	7.489
10.3093	7.610
10.4167	7.729
10.5263	7.856
10.6383	7.980
10.7527	8.113
10.8696	8.243
10.9890	8.376
11.1111	8.507
11.2360	8.642
11.3636	8.780
11.4943	8.922
11.6279	9.068
11.7647	9.217
11.9048	9.363
12.0482	9.514
12.1951	9.669
12.3457	9.834
12.5000	9.995
12.6582	10.152
12.8205	10.305
12.9870	10.455
13.1579	10.603
13.3333	10.748
13.5135	10.898
13.6986	11.052
13.8889	11.202
14.0845	11.356
14.2857	11.507
14.4928	11.661
14.7059	11.801
14.9254	11.949
15.1515	12.102
15.3846	12.268
15.6250	12.426
15.8730	12.565
16.1290	12.690
16.3934	12.813
16.6667	12.955
16.9492	13.112
17.2414	13.272
17.5439	13.422
17.8571	13.552
18.1818	13.690
18.5185	13.836
18.8679	14.000
19.2308	14.167
19.6078	14.323
20.0000	14.470
20.4082	14.609
20.8333	14.776
21.2766	14.968
21.7391	15.183
22.2222	15.406
22.7273	15.637
23.2558	15.879
23.8095	16.134
24.3902	16.427
25.0000	16.759
25.6410	17.132
26.3158	17.524
27.0270	17.941
27.7778	18.418
28.5714	18.960
29.4118	19.605
30.3030	20.293
31.2500	21.072
32.2581	21.918
33.3333	22.922
34.4828	24.013
35.7143	25.258
37.0370	26.632
38.4615	28.268
40.0000	30.080
41.6667	32.172
43.4783	34.533
45.4545	37.361
47.6190	40.571
50.0000	44.324
52.6316	48.419
55.5556	54.058

wl	k
0.2100	1.376
0.2200	1.439
0.2300	1.490
0.2400	1.500
0.2500	1.474
0.2600	1.431
0.2700	1.391
0.2800	1.365
0.2900	1.360
0.3000	1.380
0.3100	1.421
0.3200	1.467
0.3300	1.511
0.3400	1.552
0.3500	1.593
0.3600	1.637
0.3700	1.683
0.3800	1.728
0.3900	1.773
0.4000	1.818
0.4100	1.862
0.4200	1.907
0.4300	1.952
0.4400	1.998
0.4500	2.042
0.4600	2.083
0.4700	2.119
0.4800	2.154
0.4900	2.186
0.5000	2.215
0.5100	2.235
0.5200	2.244
0.5300	2.242
0.5400	2.238
0.5500	2.248
0.5600	2.293
0.5700	2.382
0.5800	2.510
0.5900	2.661
0.6000	2.815
0.6100	2.957
0.6200	3.083
0.6300	3.197
0.6400	3.302
0.6500	3.400
0.6600	3.492
0.6700	3.583
0.6800	3.671
0.6900	3.757
0.7000	3.841
0.7100	3.923
0.7200	4.004
0.7300	4.084
0.7400	4.162
0.7500	4.240
0.7600	4.318
0.7700	4.396
0.7800	4.474
0.7900	4.550
0.8000	4.626
0.8100	4.699
0.8200	4.772
0.8300	4.843
0.8400	4.913
0.8500	4.982
0.8600	5.049
0.8700	5.116
0.8800	5.184
0.8900	5.253
0.9000	5.321
0.9100	5.387
0.9200	5.455
0.9300	5.522
0.9400	5.589
0.9500	5.656
0.9600	5.725
0.9700	5.795
0.9800	5.865
0.9900	5.934
1.0000	6.000
1.0097	6.128
1.0100	6.064
1.0300	6.195
1.0400	6.263
1.0500	6.331
1.0600	6.400
1.0700	6.469
1.0800	6.538
1.0900	6.608
1.1000	6.676
1.1100	6.743
1.1200	6.807
1.1300	6.870
1.1400	6.935
1.1500	7.001
1.1600	7.067
1.1700	7.133
1.1800	7.201
1.1900	7.269
1.2000	7.337
1.2100	7.402
1.2200	7.464
1.2300	7.528
1.2400	7.594
1.2500	7.662
1.2600	7.730
1.2700	7.795
1.2800	7.859
1.2900	7.924
1.3000	7.989
1.3100	8.052
1.3200	8.116
1.3314	8.179
1.3400	8.242
1.3500	8.305
1.3600	8.367
1.3700	8.429
1.3800	8.491
1.3900	8.553
1.4000	8.617
1.4100	8.680
1.4200	8.743
1.4300	8.807
1.4400	8.872
1.4500	8.938
1.4600	9.004
1.4700	9.071
1.4800	9.137
1.4900	9.202
1.5000	9.267
1.5100	9.330
1.5200	9.392
1.5300	9.452
1.5400	9.515
1.5500	9.579
1.5600	9.644
1.5700	9.710
1.5800	9.775
1.5900	9.839
1.6000	9.902
1.6100	9.966
1.6201	10.030
1.6300	10.093
1.6401	10.154
1.6500	10.215
1.6600	10.274
1.6700	10.334
1.6800	10.394
1.6900	10.454
1.7000	10.514
1.7100	10.574
1.7200	10.634
1.7300	10.694
1.7400	10.754
1.7500	10.816
1.7600	10.879
1.7700	10.942
1.7800	11.005
1.7900	11.067
1.8000	11.130
1.8100	11.191
1.8200	11.255
1.8300	11.321
1.8400	11.389
1.8500	11.456
1.8600	11.520
1.8700	11.583
1.8800	11.642
1.8900	11.703
1.9000	11.766
1.9100	11.831
1.9200	11.897
1.9300	11.962
1.9400	12.027
1.9500	12.091
1.9600	12.156
1.9700	12.221
1.9800	12.286
1.9900	12.352
2.0000	12.419
2.0100	12.484
2.0200	12.550
2.0300	12.615
2.0400	12.681
2.0500	12.745
2.0600	12.810
2.0700	12.874
2.0800	12.938
2.0900	13.004
2.1000	13.067
2.1100	13.132
2.1200	13.198
2.1300	13.262
2.1400	13.325
2.1500	13.389
2.1600	13.454
2.1700	13.518
2.1800	13.580
2.1900	13.644
2.2000	13.708
2.2100	13.772
2.2200	13.837
2.2300	13.900
2.2400	13.962
2.2500	14.026
2.2600	14.089
2.2700	14.154
2.2800	14.216
2.2900	14.280
2.3000	14.343
2.3100	14.407
2.3200	14.470
2.3300	14.534
2.3400	14.596
2.3500	14.660
2.3600	14.722
2.3700	14.786
2.3800	14.848
2.3900	14.910
2.4000	14.972
2.4100	15.035
2.4200	15.097
2.4300	15.160
2.4400	15.222
2.4500	15.285
2.4600	15.347
2.4700	15.410
2.4800	15.475
2.4900	15.538
2.5000	15.604
2.5063	15.644
2.5126	15.684
2.5189	15.724
2.5253	15.764
2.5316	15.804
2.5381	15.843
2.5445	15.884
2.5510	15.924
2.5575	15.964
2.5641	16.005
2.5707	16.046
2.5773	16.087
2.5840	16.129
2.5907	16.170
2.5974	16.212
2.6042	16.254
2.6110	16.296
2.6178	16.338
2.6247	16.381
2.6316	16.424
2.6385	16.467
2.6455	16.510
2.6525	16.554
2.6596	16.598
2.6667	16.642
2.6738	16.686
2.6810	16.730
2.6882	16.775
2.6954	16.819
2.7027	16.865
2.7100	16.910
2.7174	16.955
2.7248	17.001
2.7322	17.046
2.7397	17.092
2.7473	17.138
2.7548	17.185
2.7624	17.231
2.7701	17.278
2.7778	17.325
2.7855	17.372
2.7933	17.420
2.8011	17.467
2.8090	17.514
2.8169	17.562
2.8249	17.610
2.8329	17.658
2.8409	17.707
2.8490	17.755
2.8571	17.804
2.8653	17.853
2.8736	17.903
2.8818	17.953
2.8902	18.003
2.8986	18.053
2.9070	18.103
2.9155	18.153
2.9240	18.204
2.9326	18.256
2.9412	18.307
2.9499	18.359
2.9586	18.411
2.9674	18.464
2.9762	18.517
2.9851	18.570
2.9940	18.623
3.0030	18.677
3.0120	18.731
3.0211	18.786
3.0303	18.841
3.0395	18.896
3.0488	18.952
3.0581	19.008
3.0675	19.064
3.0769	19.121
3.0864	19.178
3.0960	19.236
3.1056	19.294
3.1153	19.353
3.1250	19.412
3.1348	19.471
3.1447	19.530
3.1546	19.590
3.1646	19.650
3.1746	19.711
3.1847	19.772
3.1949	19.834
3.2051	19.896
3.2154	19.959
3.2258	20.022
3.2362	20.085
3.2468	20.149
3.2573	20.214
3.2680	20.280
3.2787	20.345
3.2895	20.410
3.3003	20.475
3.3113	20.541
3.3223	20.609
3.3333	20.676
3.3445	20.744
3.3557	20.813
3.3670	20.881
3.3784	20.951
3.3898	21.020
3.4014	21.091
3.4130	21.161
3.4247	21.232
3.4364	21.304
3.4483	21.377
3.4602	21.450
3.4722	21.523
3.4843	21.597
3.4965	21.670
3.5088	21.744
3.5211	21.820
3.5336	21.895
3.5461	21.972
3.5587	22.049
3.5714	22.127
3.5842	22.204
3.5971	22.282
3.6101	22.361
3.6232	22.441
3.6364	22.521
3.6496	22.602
3.6630	22.684
3.6765	22.767
3.6900	22.850
3.7037	22.933
3.7175	23.017
3.7313	23.101
3.7453	23.185
3.7594	23.270
3.7736	23.357
3.7879	23.444
3.8023	23.532
3.8168	23.621
3.8314	23.710
3.8462	23.800
3.8610	23.890
3.8760	23.981
3.8911	24.073
3.9063	24.166
3.9216	24.259
3.9370	24.353
3.9526	24.447
3.9683	24.543
3.9841	24.640
4.0000	24.738
4.0161	24.836
4.0323	24.934
4.0486	25.034
4.0650	25.134
4.0816	25.234
4.0984	25.334
4.1152	25.434
4.1322	25.537
4.1494	25.641
4.1667	25.747
4.1841	25.852
4.2017	25.957
4.2194	26.061
4.2373	26.168
4.2553	26.275
4.2735	26.384
4.2918	26.494
4.3103	26.605
4.3290	26.717
4.3478	26.828
4.3668	26.938
4.3860	27.050
4.4053	27.163
4.4248	27.278
4.4444	27.393
4.4643	27.509
4.4843	27.626
4.5045	27.744
4.5249	27.863
4.5455	27.982
4.5662	28.101
4.5872	28.221
4.6083	28.343
4.6296	28.465
4.6512	28.597
4.6729	28.710
4.6948	28.836
4.7170	28.963
4.7393	29.091
4.7619	29.218
4.7847	29.347
4.8077	29.477
4.8309	29.609
4.8544	29.742
4.8780	29.876
4.9020	30.010
4.9261	30.146
4.9505	30.282
4.9751	30.419
5.0000	30.560
5.0251	30.703
5.0761	30.991
5.1020	31.137
5.1020	30.846
5.1282	31.286
5.1546	31.435
5.1813	31.584
5.2083	31.735
5.2356	31.889
5.2632	32.045
5.2910	32.203
5.3191	32.364
5.3476	32.526
5.3763	32.690
5.4054	32.856
5.4348	33.025
5.4645	33.195
5.4945	33.366
5.5249	33.540
5.5556	33.717
5.5866	33.896
5.6180	34.077
5.6497	34.260
5.6818	34.446
5.7143	34.636
5.7471	34.830
5.7803	35.025
5.8140	35.223
5.8480	35.422
5.8824	35.625
5.9172	35.830
5.9524	36.039
5.9880	36.251
6.0241	36.464
6.0606	36.679
6.0976	36.894
6.1350	37.113
6.1728	37.337
6.2112	37.563
6.2500	37.791
6.2893	38.022
6.3291	38.257
6.3694	38.496
6.4103	38.738
6.4516	38.981
6.4935	39.225
6.5359	39.472
6.5789	39.721
6.6225	39.976
6.6667	40.234
6.7114	40.496
6.7568	40.758
6.8027	41.022
6.8493	41.289
6.8966	41.561
6.9444	41.837
6.9930	42.116
7.0423	42.398
7.0922	42.680
7.1429	42.966
7.1942	43.255
7.2464	43.550
7.2993	43.949
7.3529	44.152
7.4074	44.459
7.4627	44.770
7.5188	45.087
7.5758	45.406
7.6336	45.728
7.6923	46.051
7.7519	46.379
7.8125	46.714
7.8740	47.056
7.9365	47.404
8.0000	47.758
8.0645	48.118
8.1301	48.481
8.1967	48.847
8.2645	49.220
8.3333	49.600
8.4034	49.987
8.4746	50.379
8.5470	50.778
8.6207	51.184
8.6957	51.597
8.7719	52.016
8.8496	52.442
8.9286	52.875
9.0090	53.316
9.0909	53.764
9.1743	54.220
9.2593	54.683
9.3458	55.155
9.4340	55.656
9.5238	56.127
9.6154	56.625
9.7087	57.129
9.8039	57.640
9.9010	58.161
10.0000	58.695
10.1010	59.238
10.2041	59.791
10.3093	60.349
10.4167	60.918
10.5263	61.494
10.6383	62.080
10.7527	62.675
10.8696	63.278
10.9890	63.891
11.1111	64.517
11.2360	65.157
11.3636	65.810
11.4943	66.474
11.6279	67.151
11.7647	67.838
11.9048	68.539
12.0482	69.257
12.1951	69.990
12.3457	70.732
12.5000	71.482
12.6582	72.246
12.8205	73.028
12.9870	73.829
13.1579	74.650
13.3333	75.498
13.5135	76.371
13.6986	77.262
13.8889	78.178
14.0845	79.117
14.2857	80.082
14.4928	81.071
14.7059	82.093
14.9254	83.153
15.1515	84.247
15.3846	85.364
15.6250	86.503
15.8730	87.677
16.1290	88.903
16.3934	90.192
16.6667	91.534
16.9492	92.917
17.2414	94.337
17.5439	95.800
17.8571	97.331
18.1818	98.934
18.5185	100.610
18.8679	102.349
19.2308	104.147
19.6078	106.017
20.0000	107.976
20.4082	110.046
20.8333	112.227
21.2766	114.511
21.7391	116.891
22.2222	119.378
22.7273	121.987
23.2558	124.731
23.8095	127.630
24.3902	130.692
25.0000	133.915
25.6410	137.301
26.3158	140.869
27.0270	144.658
27.7778	148.685
28.5714	152.964
29.4118	157.481
30.3030	162.270
31.2500	167.359
32.2581	172.804
33.3333	178.602
34.4828	184.793
35.7143	191.424
37.0370	198.573
38.4615	206.248
40.0000	214.517
41.6667	223.454
43.4783	233.188
45.4545	243.743
47.6190	255.237
50.0000	267.743
52.6316	281.859
55.5556	297.306
