lambda (um)	n_glass	kappa_glass
0.01	0.9874000000000001	0.0097
0.0102	0.9865	0.008500000000000001
0.0104	0.9851	0.0083
0.0106	0.9841	0.009599999999999999
0.0108	0.9848	0.009900000000000001
0.011	0.9844000000000001	0.008999999999999999
0.0112	0.9822	0.009299999999999999
0.0114	0.9828	0.0159
0.0116	0.9867	0.0106
0.0118	0.9858	0.0075
0.012	0.9839	0.0065
0.0122	0.9823	0.0068
0.0124	0.9813	0.007
0.0126	0.9802999999999999	0.0073
0.0128	0.9794	0.0076
0.013	0.9789	0.0076
0.0132	0.9778	0.0083
0.0134	0.977	0.008699999999999999
0.0136	0.9761	0.009299999999999999
0.0138	0.9747	0.0103
0.015	0.9634	0.0199
0.016	0.9608	0.0226
0.017	0.9562	0.0244
0.018	0.9509	0.0281
0.019	0.9458	0.0335
0.02	0.9416	0.0374
0.021	0.9386	0.0437
0.022	0.9328	0.0462
0.023	0.9271	0.052
0.024	0.9222	0.0578
0.025	0.9164	0.065
0.026	0.9105	0.0726
0.027	0.9207	0.068
0.028	0.9175	0.075
0.029	0.9137	0.082
0.03	0.913	0.09
0.031	0.907	0.092
0.032	0.901	0.094
0.033	0.895	0.098
0.034	0.888	0.107
0.035	0.882	0.113
0.036	0.877	0.12
0.037	0.87	0.128
0.038	0.866	0.137
0.039	0.858	0.144
0.04	0.851	0.156
0.041	0.845	0.169
0.042	0.839	0.18
0.043	0.833	0.19
0.044	0.827	0.202
0.045	0.822	0.218
0.046	0.8169999999999999	0.233
0.047	0.8129999999999999	0.25
0.048	0.8080000000000001	0.27
0.049	0.804	0.282
0.04959	0.733	0.325
0.05	0.803	0.3
0.051	0.804	0.322
0.05166	0.753	0.375
0.052	0.806	0.343
0.053	0.8110000000000001	0.366
0.05391	0.774	0.434
0.054	0.8169999999999999	0.385
0.055	0.822	0.408
0.056	0.829	0.43
0.05636	0.797	0.48
0.057	0.833	0.45
0.058	0.843	0.47
0.059	0.851	0.482
0.05904	0.827	0.53
0.06	0.862	0.497
0.06199	0.859	0.585
0.06358	0.879	0.613
0.06526	0.902	0.645
0.06701	0.927	0.677
0.06888	0.957	0.712
0.06985	0.975	0.731
0.07085	0.999	0.75
0.07187	1.03	0.763
0.07292999999999999	1.072	0.768
0.07402	1.124	0.765
0.07514	1.137	0.755
0.07630000000000001	1.156	0.737
0.07749	1.172	0.717
0.07872	1.178	0.703
0.07999000000000001	1.172	0.696
0.0813	1.167	0.699
0.08266	1.168	0.711
0.08405	1.175	0.739
0.08551	1.195	0.771
0.08699999999999999	1.225	0.799
0.08856	1.265	0.8080000000000001
0.09017	1.32	0.795
0.09184	1.363	0.775
0.09357	1.371	0.755
0.09537	1.368	0.747
0.09723999999999999	1.372	0.766
0.09919	1.383	0.793
0.1012	1.41	0.824
0.1033	1.475	0.861
0.1051	1.554	0.874
0.1069	1.635	0.859
0.1088	1.716	0.8100000000000001
0.1107	1.766	0.718
0.1127	1.739	0.569
0.1137	1.687	0.5649999999999999
0.1148	1.587	0.618
0.1159	1.513	0.725
0.117	1.492	0.914
0.1181	1.567	1.11
0.1187	1.645	1.136
0.1192	1.772	1.13
0.1198	1.919	1.045
0.1204	2.048	0.925
0.121	2.152	0.8100000000000001
0.1215	2.24	0.715
0.1228	2.332	0.46
0.124	2.33	0.323
0.1252	2.292	0.236
0.1265	2.243	0.168
0.1278	2.19	0.119
0.1291	2.14	0.077
0.1305	2.092	0.0561
0.1319	2.047	0.043
0.1333	2.006	0.0339
0.1348	1.969	0.0271
0.1362	1.935	0.0228
0.1378	1.904	0.0189
0.1393	1.876	0.0156
0.1409	1.85	0.0132
0.1425	1.825	0.0109
0.1442	1.803	0.00838
0.1459	1.783	0.00557
0.1476	1.764	0.00317
0.1494	1.747	0.0014
0.1512	1.73	0.000463
0.1531	1.716	0.000122
0.155	1.702	3.2e-05
0.159	1.676	4.7e-06
0.1631	1.653	
0.1675	1.633	
0.1722	1.616	
0.1771	1.6	
0.1837	1.582	
0.1907	1.567	
0.1984	1.554	
0.2066	1.543	
0.213856	1.53429	
0.214438	1.53371	
0.226747	1.52276	
0.230209	1.52009	
0.237833	1.51474	
0.239938	1.51338	
0.248272	1.50841	
0.265204	1.50004	
0.269885	1.49805	
0.275278	1.49592	
0.280347	1.49404	
0.28936	1.49099	
0.296728	1.48873	
0.30215	1.48719	
0.330259	1.48053	
0.334148	1.47976	
0.340365	1.47858	
0.34662	1.47746	
0.361051	1.47512	
0.365015	1.47453	
0.404656	1.46961	
0.435835	1.46669	
0.467816	1.46429	
0.486133	1.46313	
0.508582	1.46187	
0.5460739999999999	1.46008	
0.576959	1.45885	
0.5790650000000001	1.45877	
0.587561	1.45847	
0.589262	1.45841	
0.6438469999999999	1.45671	
0.656272	1.45637	
0.667815	1.45608	
0.706519	1.45515	
0.852111	1.45248	
0.89435	1.45185	
1.01398	1.45025	
1.08297	1.44941	
1.12866	1.44888	
1.3622	1.44621	
1.39506	1.44584	
1.4695	1.44497	
1.52952	1.44427	
1.6606	1.44267	
1.681	1.44241	
1.6932	1.44226	
1.70913	1.44205	
1.81307	1.44069	
1.97009	1.43851	
2.0581	1.43722	
2.1526	1.43576	
2.32542	1.43292	
2.4374	1.43095	
3.2439	1.41314	
3.2668	1.41253	
3.3026	1.41155	
3.422	1.40819	
3.507	1.40568	
3.5564	1.40418	
3.7067	1.39936	
3.846	1.395	4.96e-05
4.167	1.383	0.000107
5.556	1.306	0.00563
5.882	1.278	0.00594
6.25	1.239	0.00652
6.452	1.212	0.00657
6.667	1.175	0.00716
7.143	1.053	0.0106
7.407	0.9488	0.0148
7.692	0.7719	0.0372
7.752	0.7037	0.0474
7.813	0.6232	0.07679999999999999
7.874	0.5456	0.132
7.937	0.4677	0.216
8	0.4113	0.323
8.065	0.3931	0.446
8.130000000000001	0.402	0.553
8.196999999999999	0.4329	0.635
8.265000000000001	0.453	0.704
8.333	0.46	0.771
8.403	0.473	0.84
8.475	0.4746	0.903
8.547000000000001	0.4656	0.978
8.621	0.4563	1.07
8.696	0.4309	1.17
8.772	0.3915	1.32
8.85	0.3563	1.53
8.929	0.3705	1.85
9.009	0.5846	2.27
9.090999999999999	1.043	2.55
9.173999999999999	1.616	2.63
9.302	2.25	2.26
9.523999999999999	2.76	1.65
9.756	2.839	0.962
10	2.694	0.509
10.26	2.448	0.231
10.53	2.224	0.102
10.81	2.038	0.046
11.11	1.869	0.0506
11.36	1.784	0.0775
11.63	1.69	0.116
11.76	1.652	0.152
11.9	1.619	0.204
12.05	1.615	0.267
12.2	1.658	0.323
12.35	1.701	0.341
12.5	1.753	0.343
12.66	1.789	0.314
12.82	1.811	0.275
12.99	1.81	0.227
13.16	1.779	0.192
13.33	1.756	0.177
13.79	1.698	0.157
14.29	1.643	0.157
14.81	1.598	0.168
15.38	1.555	0.182
16	1.502	0.202
16.67	1.45	0.235
17.24	1.401	0.264
17.86	1.337	0.298
18.52	1.235	0.341
18.97	1.161	0.377
19.23	1.05	0.415
19.61	0.8857	0.524
20	0.6616	0.822
20.41	0.5777	1.28
20.83	0.7517	1.86
21.05	1.002	2.22
21.28	1.484	2.39
21.74	2.308	2.29
22.73	2.936	1.29
23.81	2.912	0.738
25	2.739	0.397
26.67	2.537	0.199
28.57	2.388	0.13
30.77	2.284	0.092
33.33	2.21	0.067
36.36	2.147	0.056
40	2.1	0.046
100	1.967	0.0159
125	1.962	0.0119
166.7	1.959	0.008619999999999999
250	1.957	0.00696
500	1.955	0.00796
