wl	n
0.50	3.3465
0.51	3.3199
0.52	3.2920
0.53	3.2636
0.54	3.2358
0.55	3.2091
0.56	3.1841
0.57	3.1613
0.58	3.1404
0.59	3.1210
0.60	3.1026
0.61	3.0850
0.62	3.0679
0.63	3.0510
0.64	3.0340
0.65	3.0169
0.66	3.0003
0.67	2.9847
0.68	2.9706
0.69	2.9582
0.70	2.9479
0.71	2.9398
0.72	2.9336
0.73	2.9291
0.74	2.9258
0.75	2.9236
0.76	2.9222
0.77	2.9214
0.78	2.9210
0.79	2.9210
0.80	2.9212
0.81	2.9216
0.82	2.9222
0.83	2.9229
0.84	2.9239
0.85	2.9250
0.86	2.9263
0.87	2.9279
0.88	2.9297
0.89	2.9318
0.90	2.9343
0.91	2.9371
0.92	2.9405
0.93	2.9444
0.94	2.9489
0.95	2.9538
0.96	2.9592
0.97	2.9649
0.98	2.9707
0.99	2.9765
1.00	2.9822
1.01	2.9875
1.02	2.9926
1.03	2.9974
1.04	3.0021
1.05	3.0066
1.06	3.0111
1.07	3.0155
1.08	3.0199
1.09	3.0244
1.10	3.0290
1.11	3.0337
1.12	3.0385
1.13	3.0435
1.14	3.0486
1.15	3.0538
1.16	3.0592
1.17	3.0645
1.18	3.0698
1.19	3.0750
1.20	3.0801
1.21	3.0851
1.22	3.0900
1.23	3.0946
1.24	3.0991
1.25	3.1033
1.26	3.1073
1.27	3.1111
1.28	3.1147
1.29	3.1180
1.30	3.1211
1.31	3.1241
1.32	3.1268
1.33	3.1293
1.34	3.1316
1.35	3.1337
1.36	3.1357
1.37	3.1374
1.38	3.1390
1.39	3.1404
1.40	3.1417
1.41	3.1427
1.42	3.1436
1.43	3.1444
1.44	3.1450
1.45	3.1455
1.46	3.1458
1.47	3.1461
1.48	3.1462
1.49	3.1463
1.50	3.1464
1.51	3.1464
1.52	3.1463
1.53	3.1463
1.54	3.1462
1.55	3.1462
1.56	3.1461
1.57	3.1461
1.58	3.1462
1.59	3.1462
1.60	3.1464
1.61	3.1467
1.62	3.1470
1.63	3.1475
1.64	3.1481
1.65	3.1490
1.66	3.1499
1.67	3.1511
1.68	3.1523
1.69	3.1537
1.70	3.1552
1.71	3.1568
1.72	3.1584
1.73	3.1600
1.74	3.1616
1.75	3.1632
1.76	3.1648
1.77	3.1663
1.78	3.1678
1.79	3.1691
1.80	3.1704
1.81	3.1716
1.82	3.1726
1.83	3.1736
1.84	3.1745
1.85	3.1753
1.86	3.1760
1.87	3.1766
1.88	3.1772
1.89	3.1778
1.90	3.1782
1.91	3.1787
1.92	3.1790
1.93	3.1794
1.94	3.1797
1.95	3.1800
1.96	3.1802
1.97	3.1804
1.98	3.1806
1.99	3.1807
2.00	3.1808
2.01	3.1809
2.02	3.1809
2.03	3.1810
2.04	3.1810
2.05	3.1810
2.06	3.1809
2.07	3.1808
2.08	3.1807
2.09	3.1806
2.10	3.1805
2.11	3.1803
2.12	3.1802
2.13	3.1800
2.14	3.1798
2.15	3.1796
2.16	3.1794
2.17	3.1791
2.18	3.1789
2.19	3.1787
2.20	3.1785
2.21	3.1783
2.22	3.1781
2.23	3.1779
2.24	3.1778
2.25	3.1776
2.26	3.1775
2.27	3.1774
2.28	3.1774
2.29	3.1773
2.30	3.1773
2.31	3.1773
2.32	3.1773
2.33	3.1774
2.34	3.1774
2.35	3.1775
2.36	3.1776
2.37	3.1777
2.38	3.1778
2.39	3.1780
2.40	3.1781
2.41	3.1783
2.42	3.1784
2.43	3.1786
2.44	3.1788
2.45	3.1790
2.46	3.1791
2.47	3.1793
2.48	3.1795
2.49	3.1797
2.50	3.1799
2.51	3.1801
2.52	3.1803
2.53	3.1805
2.54	3.1807
2.55	3.1809
2.56	3.1810
2.57	3.1812
2.58	3.1814
2.59	3.1815
2.60	3.1816
2.61	3.1817
2.62	3.1818
2.63	3.1819
2.64	3.1819
2.65	3.1819
2.66	3.1819
2.67	3.1818
2.68	3.1818
2.69	3.1817
2.70	3.1815
2.71	3.1813
2.72	3.1812
2.73	3.1809
2.74	3.1807
2.75	3.1804
2.76	3.1802
2.77	3.1799
2.78	3.1796
2.79	3.1792
2.80	3.1789
2.81	3.1786
2.82	3.1782
2.83	3.1778
2.84	3.1775
2.85	3.1771
2.86	3.1767
2.87	3.1763
2.88	3.1758
2.89	3.1754
2.90	3.1750
2.91	3.1745
2.92	3.1741
2.93	3.1736
2.94	3.1731
2.95	3.1727
2.96	3.1722
2.97	3.1717
2.98	3.1712
2.99	3.1707
3.00	3.1702
3.01	3.1696
3.02	3.1691
3.03	3.1686
3.04	3.1681
3.05	3.1675
3.06	3.1670
3.07	3.1665
3.08	3.1660
3.09	3.1655
3.10	3.1650
3.11	3.1645
3.12	3.1640
3.13	3.1635
3.14	3.1630
3.15	3.1626
3.16	3.1621
3.17	3.1617
3.18	3.1613
3.19	3.1609
3.20	3.1605
3.21	3.1601
3.22	3.1597
3.23	3.1594
3.24	3.1590
3.25	3.1587
3.26	3.1584
3.27	3.1581
3.28	3.1578
3.29	3.1576
3.30	3.1573
3.31	3.1571
3.32	3.1569
3.33	3.1567
3.34	3.1565
3.35	3.1563
3.36	3.1562
3.37	3.1560
3.38	3.1559
3.39	3.1558
3.40	3.1557
3.41	3.1556
3.42	3.1555
3.43	3.1554
3.44	3.1554
3.45	3.1553
3.46	3.1553
3.47	3.1553
3.48	3.1553
3.49	3.1553
3.50	3.1553
3.51	3.1553
3.52	3.1553
3.53	3.1553
3.54	3.1554
3.55	3.1554
3.56	3.1555
3.57	3.1556
3.58	3.1556
3.59	3.1557
3.60	3.1558
3.61	3.1559
3.62	3.1560
3.63	3.1561
3.64	3.1562
3.65	3.1563
3.66	3.1564
3.67	3.1566
3.68	3.1567
3.69	3.1568
3.70	3.1570
3.71	3.1571
3.72	3.1573
3.73	3.1575
3.74	3.1576
3.75	3.1578
3.76	3.1579
3.77	3.1581
3.78	3.1583
3.79	3.1585
3.80	3.1587
3.81	3.1588
3.82	3.1590
3.83	3.1592
3.84	3.1594
3.85	3.1596
3.86	3.1598
3.87	3.1600
3.88	3.1602
3.89	3.1604
3.90	3.1606
3.91	3.1608
3.92	3.1610
3.93	3.1612
3.94	3.1614
3.95	3.1616
3.96	3.1618
3.97	3.1620
3.98	3.1622
3.99	3.1624
4.00	3.1627
4.01	3.1629
4.02	3.1631
4.03	3.1633
4.04	3.1635
4.05	3.1637
4.06	3.1639
4.07	3.1641
4.08	3.1643
4.09	3.1645
4.10	3.1647
4.11	3.1649
4.12	3.1652
4.13	3.1654
4.14	3.1656
4.15	3.1658
4.16	3.1660
4.17	3.1662
4.18	3.1664
4.19	3.1666
4.20	3.1668
4.21	3.1670
4.22	3.1672
4.23	3.1674
4.24	3.1676
4.25	3.1678
4.26	3.1679
4.27	3.1681
4.28	3.1683
4.29	3.1685
4.30	3.1687
4.31	3.1689
4.32	3.1691
4.33	3.1692
4.34	3.1694
4.35	3.1696
4.36	3.1697
4.37	3.1699
4.38	3.1701
4.39	3.1702
4.40	3.1704
4.41	3.1705
4.42	3.1707
4.43	3.1708
4.44	3.1710
4.45	3.1711
4.46	3.1713
4.47	3.1714
4.48	3.1715
4.49	3.1716
4.50	3.1718
4.51	3.1719
4.52	3.1720
4.53	3.1721
4.54	3.1722
4.55	3.1723
4.56	3.1724
4.57	3.1725
4.58	3.1725
4.59	3.1726
4.60	3.1727
4.61	3.1728
4.62	3.1728
4.63	3.1729
4.64	3.1729
4.65	3.1730
4.66	3.1730
4.67	3.1731
4.68	3.1731
4.69	3.1731
4.70	3.1732
4.71	3.1732
4.72	3.1732
4.73	3.1732
4.74	3.1732
4.75	3.1732
4.76	3.1732
4.77	3.1732
4.78	3.1732
4.79	3.1732
4.80	3.1732
4.81	3.1731
4.82	3.1731
4.83	3.1731
4.84	3.1730
4.85	3.1730
4.86	3.1729
4.87	3.1729
4.88	3.1728
4.89	3.1728
4.90	3.1727
4.91	3.1726
4.92	3.1726
4.93	3.1725
4.94	3.1724
4.95	3.1723
4.96	3.1722
4.97	3.1721
4.98	3.1720
4.99	3.1719
5.00	3.1718
5.01	3.1717
5.02	3.1716
5.03	3.1715
5.04	3.1714
5.05	3.1713
5.06	3.1712
5.07	3.1710
5.08	3.1709
5.09	3.1708
5.10	3.1707
5.11	3.1705
5.12	3.1704
5.13	3.1703
5.14	3.1701
5.15	3.1700
5.16	3.1698
5.17	3.1697
5.18	3.1695
5.19	3.1694
5.20	3.1692
5.21	3.1691
5.22	3.1689
5.23	3.1687
5.24	3.1686
5.25	3.1684
5.26	3.1682
5.27	3.1680
5.28	3.1679
5.29	3.1677
5.30	3.1675
5.31	3.1673
5.32	3.1671
5.33	3.1669
5.34	3.1667
5.35	3.1665
5.36	3.1663
5.37	3.1661
5.38	3.1658
5.39	3.1656
5.40	3.1654
5.41	3.1652
5.42	3.1649
5.43	3.1647
5.44	3.1645
5.45	3.1642
5.46	3.1640
5.47	3.1637
5.48	3.1635
5.49	3.1632
5.50	3.1630
5.51	3.1627
5.52	3.1625
5.53	3.1622
5.54	3.1619
5.55	3.1616
5.56	3.1614
5.57	3.1611
5.58	3.1608
5.59	3.1605
5.60	3.1602
5.61	3.1599
5.62	3.1596
5.63	3.1593
5.64	3.1590
5.65	3.1587
5.66	3.1584
5.67	3.1581
5.68	3.1577
5.69	3.1574
5.70	3.1571
5.71	3.1568
5.72	3.1564
5.73	3.1561
5.74	3.1558
5.75	3.1554
5.76	3.1551
5.77	3.1547
5.78	3.1544
5.79	3.1540
5.80	3.1536
5.81	3.1533
5.82	3.1529
5.83	3.1525
5.84	3.1522
5.85	3.1518
5.86	3.1514
5.87	3.1510
5.88	3.1506
5.89	3.1502
5.90	3.1498
5.91	3.1494
5.92	3.1490
5.93	3.1486
5.94	3.1482
5.95	3.1477
5.96	3.1473
5.97	3.1469
5.98	3.1464
5.99	3.1460
6.00	3.1455
6.01	3.1451
6.02	3.1446
6.03	3.1442
6.04	3.1437
6.05	3.1432
6.06	3.1427
6.07	3.1422
6.08	3.1417
6.09	3.1412
6.10	3.1407
6.11	3.1401
6.12	3.1396
6.13	3.1390
6.14	3.1385
6.15	3.1379
6.16	3.1373
6.17	3.1367
6.18	3.1361
6.19	3.1355
6.20	3.1349
6.21	3.1342
6.22	3.1336
6.23	3.1329
6.24	3.1322
6.25	3.1316
6.26	3.1309
6.27	3.1302
6.28	3.1294
6.29	3.1287
6.30	3.1280
6.31	3.1272
6.32	3.1265
6.33	3.1257
6.34	3.1250
6.35	3.1242
6.36	3.1234
6.37	3.1227
6.38	3.1219
6.39	3.1211
6.40	3.1203
6.41	3.1196
6.42	3.1188
6.43	3.1180
6.44	3.1173
6.45	3.1165
6.46	3.1158
6.47	3.1150
6.48	3.1143
6.49	3.1136
6.50	3.1129
6.51	3.1122
6.52	3.1115
6.53	3.1108
6.54	3.1101
6.55	3.1094
6.56	3.1087
6.57	3.1080
6.58	3.1074
6.59	3.1067
6.60	3.1060
6.61	3.1054
6.62	3.1047
6.63	3.1041
6.64	3.1034
6.65	3.1028
6.66	3.1022
6.67	3.1015
6.68	3.1009
6.69	3.1003
6.70	3.0996
6.71	3.0990
6.72	3.0984
6.73	3.0978
6.74	3.0972
6.75	3.0965
6.76	3.0959
6.77	3.0953
6.78	3.0947
6.79	3.0941
6.80	3.0935
6.81	3.0929
6.82	3.0923
6.83	3.0917
6.84	3.0911
6.85	3.0905
6.86	3.0899
6.87	3.0893
6.88	3.0887
6.89	3.0881
6.90	3.0875
6.91	3.0869
6.92	3.0864
6.93	3.0858
6.94	3.0852
6.95	3.0846
6.96	3.0840
6.97	3.0834
6.98	3.0828
6.99	3.0822
7.00	3.0817
7.01	3.0811
7.02	3.0805
7.03	3.0799
7.04	3.0793
7.05	3.0787
7.06	3.0782
7.07	3.0776
7.08	3.0770
7.09	3.0764
7.10	3.0758
7.11	3.0753
7.12	3.0747
7.13	3.0741
7.14	3.0735
7.15	3.0729
7.16	3.0724
7.17	3.0718
7.18	3.0712
7.19	3.0706
7.20	3.0701
7.21	3.0695
7.22	3.0689
7.23	3.0683
7.24	3.0678
7.25	3.0672
7.26	3.0666
7.27	3.0660
7.28	3.0655
7.29	3.0649
7.30	3.0643
7.31	3.0637
7.32	3.0632
7.33	3.0626
7.34	3.0620
7.35	3.0615
7.36	3.0609
7.37	3.0603
7.38	3.0598
7.39	3.0592
7.40	3.0587
7.41	3.0581
7.42	3.0575
7.43	3.0570
7.44	3.0564
7.45	3.0559
7.46	3.0553
7.47	3.0548
7.48	3.0543
7.49	3.0537
7.50	3.0532
7.51	3.0526
7.52	3.0521
7.53	3.0516
7.54	3.0511
7.55	3.0505
7.56	3.0500
7.57	3.0495
7.58	3.0490
7.59	3.0485
7.60	3.0479
7.61	3.0474
7.62	3.0469
7.63	3.0464
7.64	3.0459
7.65	3.0454
7.66	3.0449
7.67	3.0443
7.68	3.0438
7.69	3.0433
7.70	3.0428
7.71	3.0423
7.72	3.0417
7.73	3.0412
7.74	3.0407
7.75	3.0401
7.76	3.0396
7.77	3.0390
7.78	3.0384
7.79	3.0379
7.80	3.0373
7.81	3.0367
7.82	3.0361
7.83	3.0355
7.84	3.0349
7.85	3.0343
7.86	3.0337
7.87	3.0331
7.88	3.0324
7.89	3.0318
7.90	3.0311
7.91	3.0304
7.92	3.0297
7.93	3.0290
7.94	3.0283
7.95	3.0276
7.96	3.0268
7.97	3.0261
7.98	3.0253
7.99	3.0245
8.00	3.0236
8.01	3.0228
8.02	3.0219
8.03	3.0210
8.04	3.0201
8.05	3.0192
8.06	3.0183
8.07	3.0173
8.08	3.0163
8.09	3.0153
8.10	3.0143
8.11	3.0132
8.12	3.0122
8.13	3.0111
8.14	3.0100
8.15	3.0089
8.16	3.0078
8.17	3.0067
8.18	3.0056
8.19	3.0044
8.20	3.0033
8.21	3.0021
8.22	3.0010
8.23	2.9998
8.24	2.9986
8.25	2.9975
8.26	2.9963
8.27	2.9951
8.28	2.9939
8.29	2.9928
8.30	2.9916
8.31	2.9904
8.32	2.9893
8.33	2.9881
8.34	2.9870
8.35	2.9858
8.36	2.9847
8.37	2.9835
8.38	2.9824
8.39	2.9812
8.40	2.9801
8.41	2.9790
8.42	2.9779
8.43	2.9768
8.44	2.9757
8.45	2.9746
8.46	2.9735
8.47	2.9724
8.48	2.9713
8.49	2.9702
8.50	2.9691
8.51	2.9680
8.52	2.9670
8.53	2.9659
8.54	2.9648
8.55	2.9638
8.56	2.9627
8.57	2.9617
8.58	2.9607
8.59	2.9596
8.60	2.9586
8.61	2.9576
8.62	2.9566
8.63	2.9556
8.64	2.9546
8.65	2.9536
8.66	2.9526
8.67	2.9516
8.68	2.9506
8.69	2.9496
8.70	2.9487
8.71	2.9477
8.72	2.9467
8.73	2.9458
8.74	2.9448
8.75	2.9439
8.76	2.9430
8.77	2.9421
8.78	2.9411
8.79	2.9402
8.80	2.9393
8.81	2.9384
8.82	2.9376
8.83	2.9367
8.84	2.9358
8.85	2.9350
8.86	2.9341
8.87	2.9333
8.88	2.9324
8.89	2.9316
8.90	2.9307
8.91	2.9299
8.92	2.9291
8.93	2.9283
8.94	2.9275
8.95	2.9266
8.96	2.9258
8.97	2.9250
8.98	2.9242
8.99	2.9234
9.00	2.9226
9.01	2.9217
9.02	2.9209
9.03	2.9201
9.04	2.9193
9.05	2.9184
9.06	2.9176
9.07	2.9168
9.08	2.9159
9.09	2.9150
9.10	2.9142
9.11	2.9133
9.12	2.9124
9.13	2.9115
9.14	2.9106
9.15	2.9097
9.16	2.9088
9.17	2.9078
9.18	2.9068
9.19	2.9059
9.20	2.9049
9.21	2.9039
9.22	2.9028
9.23	2.9018
9.24	2.9007
9.25	2.8996
9.26	2.8985
9.27	2.8974
9.28	2.8962
9.29	2.8951
9.30	2.8939
9.31	2.8926
9.32	2.8914
9.33	2.8901
9.34	2.8888
9.35	2.8875
9.36	2.8862
9.37	2.8849
9.38	2.8835
9.39	2.8821
9.40	2.8807
9.41	2.8793
9.42	2.8779
9.43	2.8765
9.44	2.8751
9.45	2.8736
9.46	2.8722
9.47	2.8707
9.48	2.8692
9.49	2.8678
9.50	2.8663
9.51	2.8648
9.52	2.8633
9.53	2.8619
9.54	2.8604
9.55	2.8589
9.56	2.8574
9.57	2.8560
9.58	2.8545
9.59	2.8530
9.60	2.8516
9.61	2.8501
9.62	2.8487
9.63	2.8473
9.64	2.8458
9.65	2.8444
9.66	2.8430
9.67	2.8416
9.68	2.8403
9.69	2.8389
9.70	2.8376
9.71	2.8363
9.72	2.8350
9.73	2.8337
9.74	2.8324
9.75	2.8312
9.76	2.8299
9.77	2.8287
9.78	2.8275
9.79	2.8263
9.80	2.8251
9.81	2.8240
9.82	2.8228
9.83	2.8217
9.84	2.8206
9.85	2.8194
9.86	2.8183
9.87	2.8172
9.88	2.8161
9.89	2.8151
9.90	2.8140
9.91	2.8129
9.92	2.8118
9.93	2.8108
9.94	2.8097
9.95	2.8087
9.96	2.8077
9.97	2.8066
9.98	2.8056
9.99	2.8046
10.00	2.8035
10.01	2.8025
10.02	2.8015
10.03	2.8004
10.04	2.7994
10.05	2.7984
10.06	2.7974
10.07	2.7963
10.08	2.7953
10.09	2.7942
10.10	2.7932
10.11	2.7921
10.12	2.7911
10.13	2.7900
10.14	2.7889
10.15	2.7878
10.16	2.7867
10.17	2.7856
10.18	2.7844
10.19	2.7833
10.20	2.7821
10.21	2.7809
10.22	2.7797
10.23	2.7785
10.24	2.7773
10.25	2.7761
10.26	2.7748
10.27	2.7735
10.28	2.7722
10.29	2.7709
10.30	2.7696
10.31	2.7683
10.32	2.7669
10.33	2.7656
10.34	2.7642
10.35	2.7628
10.36	2.7615
10.37	2.7601
10.38	2.7586
10.39	2.7572
10.40	2.7558
10.41	2.7544
10.42	2.7530
10.43	2.7515
10.44	2.7501
10.45	2.7487
10.46	2.7472
10.47	2.7458
10.48	2.7443
10.49	2.7429
10.50	2.7414
10.51	2.7400
10.52	2.7385
10.53	2.7371
10.54	2.7356
10.55	2.7341
10.56	2.7327
10.57	2.7312
10.58	2.7297
10.59	2.7283
10.60	2.7268
10.61	2.7253
10.62	2.7238
10.63	2.7223
10.64	2.7208
10.65	2.7193
10.66	2.7179
10.67	2.7164
10.68	2.7149
10.69	2.7133
10.70	2.7118
10.71	2.7103
10.72	2.7088
10.73	2.7073
10.74	2.7058
10.75	2.7042
10.76	2.7027
10.77	2.7012
10.78	2.6996
10.79	2.6981
10.80	2.6966
10.81	2.6950
10.82	2.6934
10.83	2.6919
10.84	2.6903
10.85	2.6888
10.86	2.6872
10.87	2.6856
10.88	2.6840
10.89	2.6824
10.90	2.6809
10.91	2.6793
10.92	2.6777
10.93	2.6761
10.94	2.6745
10.95	2.6729
10.96	2.6713
10.97	2.6696
10.98	2.6680
10.99	2.6664
11.00	2.6648
11.01	2.6632
11.02	2.6616
11.03	2.6600
11.04	2.6583
11.05	2.6567
11.06	2.6551
11.07	2.6535
11.08	2.6519
11.09	2.6503
11.10	2.6487
11.11	2.6471
11.12	2.6455
11.13	2.6439
11.14	2.6423
11.15	2.6407
11.16	2.6391
11.17	2.6375
11.18	2.6359
11.19	2.6344
11.20	2.6328
11.21	2.6312
11.22	2.6297
11.23	2.6281
11.24	2.6266
11.25	2.6251
11.26	2.6235
11.27	2.6220
11.28	2.6205
11.29	2.6190
11.30	2.6175
11.31	2.6161
11.32	2.6146
11.33	2.6131
11.34	2.6117
11.35	2.6103
11.36	2.6089
11.37	2.6075
11.38	2.6061
11.39	2.6047
11.40	2.6033
11.41	2.6020
11.42	2.6006
11.43	2.5993
11.44	2.5980
11.45	2.5967
11.46	2.5953
11.47	2.5940
11.48	2.5927
11.49	2.5914
11.50	2.5901
11.51	2.5888
11.52	2.5875
11.53	2.5862
11.54	2.5849
11.55	2.5836
11.56	2.5823
11.57	2.5810
11.58	2.5797
11.59	2.5783
11.60	2.5770
11.61	2.5756
11.62	2.5742
11.63	2.5728
11.64	2.5714
11.65	2.5700
11.66	2.5685
11.67	2.5670
11.68	2.5655
11.69	2.5639
11.70	2.5622
11.71	2.5606
11.72	2.5589
11.73	2.5571
11.74	2.5553
11.75	2.5535
11.76	2.5516
11.77	2.5497
11.78	2.5478
11.79	2.5458
11.80	2.5438
11.81	2.5418
11.82	2.5398
11.83	2.5378
11.84	2.5358
11.85	2.5337
11.86	2.5317
11.87	2.5297
11.88	2.5276
11.89	2.5256
11.90	2.5236
11.91	2.5216
11.92	2.5197
11.93	2.5177
11.94	2.5158
11.95	2.5139
11.96	2.5120
11.97	2.5101
11.98	2.5083
11.99	2.5064
12.00	2.5046
12.01	2.5028
12.02	2.5010
12.03	2.4992
12.04	2.4975
12.05	2.4957
12.06	2.4939
12.07	2.4922
12.08	2.4904
12.09	2.4887
12.10	2.4869
12.11	2.4852
12.12	2.4834
12.13	2.4817
12.14	2.4799
12.15	2.4781
12.16	2.4763
12.17	2.4746
12.18	2.4728
12.19	2.4710
12.20	2.4692
12.21	2.4673
12.22	2.4655
12.23	2.4637
12.24	2.4618
12.25	2.4599
12.26	2.4580
12.27	2.4561
12.28	2.4542
12.29	2.4522
12.30	2.4503
12.31	2.4483
12.32	2.4462
12.33	2.4442
12.34	2.4421
12.35	2.4399
12.36	2.4378
12.37	2.4355
12.38	2.4333
12.39	2.4310
12.40	2.4287
12.41	2.4263
12.42	2.4239
12.43	2.4215
12.44	2.4191
12.45	2.4166
12.46	2.4141
12.47	2.4116
12.48	2.4090
12.49	2.4065
12.50	2.4039
12.51	2.4013
12.52	2.3988
12.53	2.3962
12.54	2.3936
12.55	2.3911
12.56	2.3885
12.57	2.3860
12.58	2.3835
12.59	2.3810
12.60	2.3786
12.61	2.3762
12.62	2.3738
12.63	2.3715
12.64	2.3692
12.65	2.3669
12.66	2.3647
12.67	2.3625
12.68	2.3604
12.69	2.3583
12.70	2.3562
12.71	2.3541
12.72	2.3521
12.73	2.3501
12.74	2.3481
12.75	2.3462
12.76	2.3442
12.77	2.3423
12.78	2.3403
12.79	2.3384
12.80	2.3365
12.81	2.3346
12.82	2.3327
12.83	2.3308
12.84	2.3289
12.85	2.3270
12.86	2.3251
12.87	2.3232
12.88	2.3213
12.89	2.3194
12.90	2.3174
12.91	2.3155
12.92	2.3135
12.93	2.3116
12.94	2.3096
12.95	2.3076
12.96	2.3056
12.97	2.3036
12.98	2.3015
12.99	2.2994
13.00	2.2973
13.01	2.2952
13.02	2.2931
13.03	2.2909
13.04	2.2887
13.05	2.2865
13.06	2.2843
13.07	2.2820
13.08	2.2797
13.09	2.2774
13.10	2.2751
13.11	2.2728
13.12	2.2704
13.13	2.2681
13.14	2.2657
13.15	2.2633
13.16	2.2609
13.17	2.2585
13.18	2.2560
13.19	2.2536
13.20	2.2511
13.21	2.2487
13.22	2.2462
13.23	2.2437
13.24	2.2413
13.25	2.2388
13.26	2.2363
13.27	2.2338
13.28	2.2313
13.29	2.2288
13.30	2.2263
13.31	2.2238
13.32	2.2213
13.33	2.2188
13.34	2.2164
13.35	2.2139
13.36	2.2114
13.37	2.2089
13.38	2.2065
13.39	2.2040
13.40	2.2016
13.41	2.1991
13.42	2.1967
13.43	2.1943
13.44	2.1918
13.45	2.1894
13.46	2.1870
13.47	2.1846
13.48	2.1822
13.49	2.1798
13.50	2.1774
13.51	2.1750
13.52	2.1726
13.53	2.1702
13.54	2.1678
13.55	2.1654
13.56	2.1630
13.57	2.1606
13.58	2.1582
13.59	2.1558
13.60	2.1535
13.61	2.1511
13.62	2.1487
13.63	2.1463
13.64	2.1439
13.65	2.1415
13.66	2.1391
13.67	2.1367
13.68	2.1343
13.69	2.1319
13.70	2.1295
13.71	2.1271
13.72	2.1247
13.73	2.1223
13.74	2.1199
13.75	2.1175
13.76	2.1150
13.77	2.1126
13.78	2.1102
13.79	2.1077
13.80	2.1053
13.81	2.1028
13.82	2.1003
13.83	2.0978
13.84	2.0953
13.85	2.0928
13.86	2.0903
13.87	2.0878
13.88	2.0853
13.89	2.0827
13.90	2.0801
13.91	2.0776
13.92	2.0750
13.93	2.0724
13.94	2.0697
13.95	2.0671
13.96	2.0645
13.97	2.0618
13.98	2.0591
13.99	2.0564
14.00	2.0537
14.01	2.0510
14.02	2.0482
14.03	2.0454
14.04	2.0427
14.05	2.0399
14.06	2.0371
14.07	2.0342
14.08	2.0314
14.09	2.0286
14.10	2.0257
14.11	2.0228
14.12	2.0199
14.13	2.0171
14.14	2.0142
14.15	2.0113
14.16	2.0083
14.17	2.0054
14.18	2.0025
14.19	1.9996
14.20	1.9966
14.21	1.9937
14.22	1.9907
14.23	1.9878
14.24	1.9849
14.25	1.9819
14.26	1.9790
14.27	1.9760
14.28	1.9730
14.29	1.9701
14.30	1.9671
14.31	1.9642
14.32	1.9612
14.33	1.9583
14.34	1.9554
14.35	1.9524
14.36	1.9495
14.37	1.9466
14.38	1.9437
14.39	1.9408
14.40	1.9379
14.41	1.9350
14.42	1.9321
14.43	1.9292
14.44	1.9263
14.45	1.9234
14.46	1.9205
14.47	1.9176
14.48	1.9147
14.49	1.9118
14.50	1.9089
14.51	1.9059
14.52	1.9030
14.53	1.9001
14.54	1.8971
14.55	1.8941
14.56	1.8912
14.57	1.8882
14.58	1.8852
14.59	1.8821
14.60	1.8791
14.61	1.8760
14.62	1.8729
14.63	1.8698
14.64	1.8666
14.65	1.8634
14.66	1.8602
14.67	1.8570
14.68	1.8537
14.69	1.8504
14.70	1.8471
14.71	1.8438
14.72	1.8404
14.73	1.8370
14.74	1.8336
14.75	1.8302
14.76	1.8268
14.77	1.8233
14.78	1.8199
14.79	1.8164
14.80	1.8129
14.81	1.8094
14.82	1.8060
14.83	1.8025
14.84	1.7990
14.85	1.7955
14.86	1.7920
14.87	1.7886
14.88	1.7851
14.89	1.7816
14.90	1.7782
14.91	1.7747
14.92	1.7713
14.93	1.7679
14.94	1.7645
14.95	1.7611
14.96	1.7577
14.97	1.7544
14.98	1.7510
14.99	1.7477
15.00	1.7444
15.01	1.7411
15.02	1.7378
15.03	1.7346
15.04	1.7313
15.05	1.7280
15.06	1.7247
15.07	1.7215
15.08	1.7182
15.09	1.7149
15.10	1.7116
15.11	1.7084
15.12	1.7051
15.13	1.7018
15.14	1.6984
15.15	1.6951
15.16	1.6918
15.17	1.6884
15.18	1.6850
15.19	1.6816
15.20	1.6782
15.21	1.6747
15.22	1.6713
15.23	1.6677
15.24	1.6642
15.25	1.6606
15.26	1.6570
15.27	1.6533
15.28	1.6496
15.29	1.6459
15.30	1.6421
15.31	1.6383
15.32	1.6344
15.33	1.6306
15.34	1.6266
15.35	1.6226
15.36	1.6186
15.37	1.6146
15.38	1.6105
15.39	1.6064
15.40	1.6023
15.41	1.5981
15.42	1.5939
15.43	1.5897
15.44	1.5855
15.45	1.5812
15.46	1.5769
15.47	1.5726
15.48	1.5682
15.49	1.5639
15.50	1.5595
15.51	1.5551
15.52	1.5507
15.53	1.5463
15.54	1.5419
15.55	1.5374
15.56	1.5330
15.57	1.5286
15.58	1.5241
15.59	1.5197
15.60	1.5153
15.61	1.5108
15.62	1.5064
15.63	1.5020
15.64	1.4975
15.65	1.4931
15.66	1.4887
15.67	1.4844
15.68	1.4800
15.69	1.4756
15.70	1.4713
15.71	1.4670
15.72	1.4627
15.73	1.4585
15.74	1.4542
15.75	1.4500
15.76	1.4458
15.77	1.4416
15.78	1.4374
15.79	1.4331
15.80	1.4289
15.81	1.4247
15.82	1.4205
15.83	1.4162
15.84	1.4119
15.85	1.4076
15.86	1.4033
15.87	1.3990
15.88	1.3946
15.89	1.3902
15.90	1.3858
15.91	1.3814
15.92	1.3769
15.93	1.3724
15.94	1.3679
15.95	1.3633
15.96	1.3587
15.97	1.3541
15.98	1.3495
15.99	1.3448
16.00	1.3401
16.01	1.3353
16.02	1.3305
16.03	1.3257
16.04	1.3208
16.05	1.3159
16.06	1.3110
16.07	1.3060
16.08	1.3010
16.09	1.2959
16.10	1.2908
16.11	1.2856
16.12	1.2804
16.13	1.2751
16.14	1.2698
16.15	1.2645
16.16	1.2592
16.17	1.2539
16.18	1.2486
16.19	1.2433
16.20	1.2380
16.21	1.2328
16.22	1.2276
16.23	1.2225
16.24	1.2174
16.25	1.2125
16.26	1.2076
16.27	1.2029
16.28	1.1983
16.29	1.1939
16.30	1.1896
16.31	1.1856
16.32	1.1818
16.33	1.1783
16.34	1.1750
16.35	1.1720
16.36	1.1693
16.37	1.1669
16.38	1.1647
16.39	1.1627
16.40	1.1611
16.41	1.1596
16.42	1.1583
16.43	1.1573
16.44	1.1564
16.45	1.1557
16.46	1.1550
16.47	1.1545
16.48	1.1541
16.49	1.1537
16.50	1.1533
16.51	1.1530
16.52	1.1527
16.53	1.1525
16.54	1.1523
16.55	1.1522
16.56	1.1522
16.57	1.1522
16.58	1.1522
16.59	1.1524
16.60	1.1526
16.61	1.1529
16.62	1.1533
16.63	1.1538
16.64	1.1544
16.65	1.1552
16.66	1.1562
16.67	1.1574
16.68	1.1588
16.69	1.1605
16.70	1.1624
16.71	1.1644
16.72	1.1667
16.73	1.1690
16.74	1.1714
16.75	1.1739
16.76	1.1763
16.77	1.1786
16.78	1.1808
16.79	1.1831
16.80	1.1852
16.81	1.1874
16.82	1.1896
16.83	1.1918
16.84	1.1941
16.85	1.1964
16.86	1.1988
16.87	1.2013
16.88	1.2038
16.89	1.2065
16.90	1.2094
16.91	1.2125
16.92	1.2158
16.93	1.2192
16.94	1.2226
16.95	1.2260
16.96	1.2292
16.97	1.2322
16.98	1.2348
16.99	1.2371
17.00	1.2391
17.01	1.2407
17.02	1.2421
17.03	1.2432
17.04	1.2441
17.05	1.2448
17.06	1.2453
17.07	1.2456
17.08	1.2459
17.09	1.2460
17.10	1.2461
17.11	1.2462
17.12	1.2461
17.13	1.2461
17.14	1.2459
17.15	1.2458
17.16	1.2456
17.17	1.2454
17.18	1.2453
17.19	1.2450
17.20	1.2448
17.21	1.2446
17.22	1.2444
17.23	1.2442
17.24	1.2441
17.25	1.2439
17.26	1.2438
17.27	1.2437
17.28	1.2436
17.29	1.2436
17.30	1.2436
17.31	1.2437
17.32	1.2437
17.33	1.2438
17.34	1.2440
17.35	1.2441
17.36	1.2442
17.37	1.2444
17.38	1.2446
17.39	1.2448
17.40	1.2450
17.41	1.2451
17.42	1.2453
17.43	1.2455
17.44	1.2456
17.45	1.2458
17.46	1.2459
17.47	1.2460
17.48	1.2460
17.49	1.2461
17.50	1.2461
17.51	1.2460
17.52	1.2460
17.53	1.2458
17.54	1.2457
17.55	1.2455
17.56	1.2453
17.57	1.2450
17.58	1.2447
17.59	1.2444
17.60	1.2441
17.61	1.2437
17.62	1.2433
17.63	1.2428
17.64	1.2424
17.65	1.2419
17.66	1.2414
17.67	1.2408
17.68	1.2403
17.69	1.2397
17.70	1.2390
17.71	1.2384
17.72	1.2378
17.73	1.2371
17.74	1.2364
17.75	1.2356
17.76	1.2349
17.77	1.2341
17.78	1.2333
17.79	1.2326
17.80	1.2318
17.81	1.2310
17.82	1.2302
17.83	1.2294
17.84	1.2287
17.85	1.2279
17.86	1.2272
17.87	1.2265
17.88	1.2259
17.89	1.2253
17.90	1.2247
17.91	1.2242
17.92	1.2237
17.93	1.2232
17.94	1.2228
17.95	1.2224
17.96	1.2221
17.97	1.2218
17.98	1.2216
17.99	1.2214
18.00	1.2213
18.01	1.2212
18.02	1.2212
18.03	1.2212
18.04	1.2212
18.05	1.2213
18.06	1.2214
18.07	1.2215
18.08	1.2217
18.09	1.2219
18.10	1.2220
18.11	1.2223
18.12	1.2225
18.13	1.2227
18.14	1.2230
18.15	1.2232
18.16	1.2235
18.17	1.2237
18.18	1.2240
18.19	1.2243
18.20	1.2246
18.21	1.2248
18.22	1.2251
18.23	1.2254
18.24	1.2256
18.25	1.2259
18.26	1.2262
18.27	1.2264
18.28	1.2267
18.29	1.2269
18.30	1.2271
18.31	1.2273
18.32	1.2275
18.33	1.2277
18.34	1.2279
18.35	1.2280
18.36	1.2282
18.37	1.2283
18.38	1.2284
18.39	1.2285
18.40	1.2286
18.41	1.2287
18.42	1.2287
18.43	1.2287
18.44	1.2288
18.45	1.2288
18.46	1.2288
18.47	1.2288
18.48	1.2288
18.49	1.2287
18.50	1.2287
18.51	1.2286
18.52	1.2286
18.53	1.2285
18.54	1.2285
18.55	1.2284
18.56	1.2283
18.57	1.2282
18.58	1.2281
18.59	1.2280
18.60	1.2279
18.61	1.2278
18.62	1.2277
18.63	1.2276
18.64	1.2275
18.65	1.2274
18.66	1.2273
18.67	1.2272
18.68	1.2270
18.69	1.2269
18.70	1.2268
18.71	1.2267
18.72	1.2266
18.73	1.2265
18.74	1.2264
18.75	1.2263
18.76	1.2262
18.77	1.2261
18.78	1.2260
18.79	1.2259
18.80	1.2258
18.81	1.2258
18.82	1.2257
18.83	1.2256
18.84	1.2256
18.85	1.2255
18.86	1.2255
18.87	1.2254
18.88	1.2254
18.89	1.2254
18.90	1.2254
18.91	1.2253
18.92	1.2253
18.93	1.2253
18.94	1.2253
18.95	1.2253
18.96	1.2253
18.97	1.2254
18.98	1.2254
18.99	1.2254
19.00	1.2254
19.01	1.2255
19.02	1.2255
19.03	1.2256
19.04	1.2256
19.05	1.2257
19.06	1.2257
19.07	1.2258
19.08	1.2259
19.09	1.2259
19.10	1.2260
19.11	1.2261
19.12	1.2262
19.13	1.2263
19.14	1.2264
19.15	1.2265
19.16	1.2265
19.17	1.2266
19.18	1.2268
19.19	1.2269
19.20	1.2270
19.21	1.2271
19.22	1.2272
19.23	1.2273
19.24	1.2274
19.25	1.2275
19.26	1.2277
19.27	1.2278
19.28	1.2279
19.29	1.2280
19.30	1.2282
19.31	1.2283
19.32	1.2284
19.33	1.2285
19.34	1.2287
19.35	1.2288
19.36	1.2289
19.37	1.2290
19.38	1.2292
19.39	1.2293
19.40	1.2294
19.41	1.2295
19.42	1.2296
19.43	1.2297
19.44	1.2299
19.45	1.2300
19.46	1.2301
19.47	1.2302
19.48	1.2303
19.49	1.2304
19.50	1.2305
19.51	1.2306
19.52	1.2307
19.53	1.2308
19.54	1.2308
19.55	1.2309
19.56	1.2310
19.57	1.2311
19.58	1.2312
19.59	1.2312
19.60	1.2313
19.61	1.2314
19.62	1.2314
19.63	1.2315
19.64	1.2315
19.65	1.2316
19.66	1.2316
19.67	1.2316
19.68	1.2317
19.69	1.2317
19.70	1.2317
19.71	1.2317
19.72	1.2318
19.73	1.2318
19.74	1.2318
19.75	1.2318
19.76	1.2318
19.77	1.2318
19.78	1.2318
19.79	1.2317
19.80	1.2317
19.81	1.2317
19.82	1.2317
19.83	1.2316
19.84	1.2316
19.85	1.2316
19.86	1.2315
19.87	1.2315
19.88	1.2315
19.89	1.2314
19.90	1.2314
19.91	1.2313
19.92	1.2313
19.93	1.2312
19.94	1.2312
19.95	1.2311
19.96	1.2311
19.97	1.2310
19.98	1.2310
19.99	1.2309
20.00	1.2309
20.01	1.2308
20.02	1.2308
20.03	1.2307
20.04	1.2307
20.05	1.2306
20.06	1.2306
20.07	1.2305
20.08	1.2305
20.09	1.2304
20.10	1.2304
20.11	1.2303
20.12	1.2303
20.13	1.2302
20.14	1.2302
20.15	1.2301
20.16	1.2301
20.17	1.2301
20.18	1.2300
20.19	1.2300
20.20	1.2299
20.21	1.2299
20.22	1.2298
20.23	1.2298
20.24	1.2298
20.25	1.2297
20.26	1.2297
20.27	1.2297
20.28	1.2296
20.29	1.2296
20.30	1.2296
20.31	1.2296
20.32	1.2295
20.33	1.2295
20.34	1.2295
20.35	1.2295
20.36	1.2295
20.37	1.2294
20.38	1.2294
20.39	1.2294
20.40	1.2294
20.41	1.2294
20.42	1.2294
20.43	1.2294
20.44	1.2294
20.45	1.2294
20.46	1.2294
20.47	1.2294
20.48	1.2294
20.49	1.2294
20.50	1.2294
20.51	1.2294
20.52	1.2294
20.53	1.2294
20.54	1.2294
20.55	1.2294
20.56	1.2294
20.57	1.2294
20.58	1.2295
20.59	1.2295
20.60	1.2295
20.61	1.2295
20.62	1.2295
20.63	1.2295
20.64	1.2296
20.65	1.2296
20.66	1.2296
20.67	1.2296
20.68	1.2297
20.69	1.2297
20.70	1.2297
20.71	1.2297
20.72	1.2298
20.73	1.2298
20.74	1.2298
20.75	1.2299
20.76	1.2299
20.77	1.2299
20.78	1.2300
20.79	1.2300
20.80	1.2300
20.81	1.2301
20.82	1.2301
20.83	1.2301
20.84	1.2302
20.85	1.2302
20.86	1.2303
20.87	1.2303
20.88	1.2303
20.89	1.2304
20.90	1.2304
20.91	1.2305
20.92	1.2305
20.93	1.2306
20.94	1.2306
20.95	1.2307
20.96	1.2307
20.97	1.2307
20.98	1.2308
20.99	1.2308
21.00	1.2309
21.01	1.2309
21.02	1.2310
21.03	1.2310
21.04	1.2311
21.05	1.2311
21.06	1.2312
21.07	1.2312
21.08	1.2313
21.09	1.2314
21.10	1.2314
21.11	1.2315
21.12	1.2315
21.13	1.2316
21.14	1.2316
21.15	1.2317
21.16	1.2317
21.17	1.2318
21.18	1.2319
21.19	1.2319
21.20	1.2320
21.21	1.2320
21.22	1.2321
21.23	1.2322
21.24	1.2322
21.25	1.2323
21.26	1.2323
21.27	1.2324
21.28	1.2325
21.29	1.2325
21.30	1.2326
21.31	1.2327
21.32	1.2327
21.33	1.2328
21.34	1.2329
21.35	1.2329
21.36	1.2330
21.37	1.2331
21.38	1.2331
21.39	1.2332
21.40	1.2333
21.41	1.2333
21.42	1.2334
21.43	1.2335
21.44	1.2335
21.45	1.2336
21.46	1.2337
21.47	1.2337
21.48	1.2338
21.49	1.2339
21.50	1.2340
21.51	1.2340
21.52	1.2341
21.53	1.2342
21.54	1.2343
21.55	1.2343
21.56	1.2344
21.57	1.2345
21.58	1.2346
21.59	1.2346
21.60	1.2347
21.61	1.2348
21.62	1.2349
21.63	1.2349
21.64	1.2350
21.65	1.2351
21.66	1.2352
21.67	1.2353
21.68	1.2353
21.69	1.2354
21.70	1.2355
21.71	1.2356
21.72	1.2356
21.73	1.2357
21.74	1.2358
21.75	1.2359
21.76	1.2359
21.77	1.2360
21.78	1.2361
21.79	1.2361
21.80	1.2362
21.81	1.2363
21.82	1.2363
21.83	1.2364
21.84	1.2365
21.85	1.2365
21.86	1.2366
21.87	1.2367
21.88	1.2367
21.89	1.2368
21.90	1.2368
21.91	1.2369
21.92	1.2369
21.93	1.2370
21.94	1.2370
21.95	1.2371
21.96	1.2371
21.97	1.2372
21.98	1.2372
21.99	1.2372
22.00	1.2373
22.01	1.2373
22.02	1.2373
22.03	1.2373
22.04	1.2373
22.05	1.2374
22.06	1.2374
22.07	1.2374
22.08	1.2374
22.09	1.2374
22.10	1.2374
22.11	1.2374
22.12	1.2374
22.13	1.2374
22.14	1.2373
22.15	1.2373
22.16	1.2373
22.17	1.2372
22.18	1.2372
22.19	1.2372
22.20	1.2371
22.21	1.2371
22.22	1.2370
22.23	1.2370
22.24	1.2369
22.25	1.2368
22.26	1.2367
22.27	1.2367
22.28	1.2366
22.29	1.2365
22.30	1.2364
22.31	1.2363
22.32	1.2362
22.33	1.2361
22.34	1.2360
22.35	1.2358
22.36	1.2357
22.37	1.2356
22.38	1.2354
22.39	1.2353
22.40	1.2352
22.41	1.2350
22.42	1.2349
22.43	1.2347
22.44	1.2346
22.45	1.2344
22.46	1.2343
22.47	1.2341
22.48	1.2340
22.49	1.2338
22.50	1.2337
22.51	1.2335
22.52	1.2334
22.53	1.2332
22.54	1.2330
22.55	1.2329
22.56	1.2327
22.57	1.2326
22.58	1.2324
22.59	1.2322
22.60	1.2321
22.61	1.2319
22.62	1.2318
22.63	1.2316
22.64	1.2315
22.65	1.2313
22.66	1.2312
22.67	1.2310
22.68	1.2309
22.69	1.2307
22.70	1.2306
22.71	1.2305
22.72	1.2303
22.73	1.2302
22.74	1.2301
22.75	1.2299
22.76	1.2298
22.77	1.2297
22.78	1.2296
22.79	1.2295
22.80	1.2293
22.81	1.2292
22.82	1.2291
22.83	1.2290
22.84	1.2289
22.85	1.2288
22.86	1.2288
22.87	1.2287
22.88	1.2286
22.89	1.2285
22.90	1.2284
22.91	1.2284
22.92	1.2283
22.93	1.2283
22.94	1.2282
22.95	1.2282
22.96	1.2281
22.97	1.2281
22.98	1.2280
22.99	1.2280
23.00	1.2280
23.01	1.2280
23.02	1.2280
23.03	1.2279
23.04	1.2279
23.05	1.2280
23.06	1.2280
23.07	1.2280
23.08	1.2280
23.09	1.2280
23.10	1.2280
23.11	1.2281
23.12	1.2281
23.13	1.2282
23.14	1.2282
23.15	1.2283
23.16	1.2284
23.17	1.2284
23.18	1.2285
23.19	1.2286
23.20	1.2286
23.21	1.2287
23.22	1.2288
23.23	1.2289
23.24	1.2290
23.25	1.2291
23.26	1.2292
23.27	1.2293
23.28	1.2294
23.29	1.2295
23.30	1.2297
23.31	1.2298
23.32	1.2299
23.33	1.2300
23.34	1.2302
23.35	1.2303
23.36	1.2304
23.37	1.2305
23.38	1.2307
23.39	1.2308
23.40	1.2310
23.41	1.2311
23.42	1.2312
23.43	1.2314
23.44	1.2315
23.45	1.2317
23.46	1.2318
23.47	1.2320
23.48	1.2321
23.49	1.2323
23.50	1.2324
23.51	1.2326
23.52	1.2327
23.53	1.2329
23.54	1.2330
23.55	1.2332
23.56	1.2333
23.57	1.2335
23.58	1.2336
23.59	1.2338
23.60	1.2339
23.61	1.2341
23.62	1.2342
23.63	1.2344
23.64	1.2345
23.65	1.2347
23.66	1.2348
23.67	1.2350
23.68	1.2351
23.69	1.2352
23.70	1.2354
23.71	1.2355
23.72	1.2357
23.73	1.2358
23.74	1.2359
23.75	1.2361
23.76	1.2362
23.77	1.2363
23.78	1.2365
23.79	1.2366
23.80	1.2367
23.81	1.2369
23.82	1.2370
23.83	1.2371
23.84	1.2372
23.85	1.2373
23.86	1.2375
23.87	1.2376
23.88	1.2377
23.89	1.2378
23.90	1.2379
23.91	1.2380
23.92	1.2381
23.93	1.2382
23.94	1.2383
23.95	1.2384
23.96	1.2384
23.97	1.2385
23.98	1.2386
23.99	1.2387
24.00	1.2387
24.01	1.2388
24.02	1.2389
24.03	1.2389
24.04	1.2390
24.05	1.2390
24.06	1.2391
24.07	1.2391
24.08	1.2392
24.09	1.2392
24.10	1.2392
24.11	1.2393
24.12	1.2393
24.13	1.2393
24.14	1.2393
24.15	1.2393
24.16	1.2393
24.17	1.2393
24.18	1.2393
24.19	1.2393
24.20	1.2393
24.21	1.2393
24.22	1.2392
24.23	1.2392
24.24	1.2392
24.25	1.2391
24.26	1.2391
24.27	1.2391
24.28	1.2390
24.29	1.2390
24.30	1.2389
24.31	1.2388
24.32	1.2388
24.33	1.2387
24.34	1.2386
24.35	1.2386
24.36	1.2385
24.37	1.2384
24.38	1.2383
24.39	1.2382
24.40	1.2381
24.41	1.2381
24.42	1.2380
24.43	1.2379
24.44	1.2378
24.45	1.2376
24.46	1.2375
24.47	1.2374
24.48	1.2373
24.49	1.2372
24.50	1.2371
24.51	1.2369
24.52	1.2368
24.53	1.2367
24.54	1.2366
24.55	1.2364
24.56	1.2363
24.57	1.2362
24.58	1.2360
24.59	1.2359
24.60	1.2357
24.61	1.2356
24.62	1.2354
24.63	1.2353
24.64	1.2351
24.65	1.2350
24.66	1.2348
24.67	1.2346
24.68	1.2345
24.69	1.2343
24.70	1.2341
24.71	1.2340
24.72	1.2338
24.73	1.2336
24.74	1.2335
24.75	1.2333
24.76	1.2331
24.77	1.2329
24.78	1.2328
24.79	1.2326
24.80	1.2324
24.81	1.2322
24.82	1.2320
24.83	1.2319
24.84	1.2317
24.85	1.2315
24.86	1.2313
24.87	1.2311
24.88	1.2310
24.89	1.2308
24.90	1.2306
24.91	1.2304
24.92	1.2302
24.93	1.2301
24.94	1.2299
24.95	1.2297
24.96	1.2296
24.97	1.2294
24.98	1.2292
24.99	1.2291
25.00	1.2289

wl	k
0.50	0.4190
0.51	0.4008
0.52	0.3856
0.53	0.3732
0.54	0.3638
0.55	0.3565
0.56	0.3509
0.57	0.3463
0.58	0.3423
0.59	0.3388
0.60	0.3356
0.61	0.3328
0.62	0.3303
0.63	0.3283
0.64	0.3266
0.65	0.3254
0.66	0.3246
0.67	0.3243
0.68	0.3244
0.69	0.3250
0.70	0.3260
0.71	0.3275
0.72	0.3295
0.73	0.3319
0.74	0.3347
0.75	0.3381
0.76	0.3419
0.77	0.3462
0.78	0.3508
0.79	0.3558
0.80	0.3610
0.81	0.3664
0.82	0.3720
0.83	0.3775
0.84	0.3830
0.85	0.3884
0.86	0.3935
0.87	0.3982
0.88	0.4026
0.89	0.4068
0.90	0.4107
0.91	0.4144
0.92	0.4181
0.93	0.4218
0.94	0.4255
0.95	0.4292
0.96	0.4329
0.97	0.4366
0.98	0.4403
0.99	0.4438
1.00	0.4472
1.01	0.4505
1.02	0.4535
1.03	0.4563
1.04	0.4589
1.05	0.4610
1.06	0.4628
1.07	0.4640
1.08	0.4647
1.09	0.4649
1.10	0.4645
1.11	0.4635
1.12	0.4620
1.13	0.4599
1.14	0.4573
1.15	0.4543
1.16	0.4509
1.17	0.4472
1.18	0.4433
1.19	0.4393
1.20	0.4353
1.21	0.4312
1.22	0.4272
1.23	0.4233
1.24	0.4196
1.25	0.4161
1.26	0.4128
1.27	0.4098
1.28	0.4070
1.29	0.4043
1.30	0.4018
1.31	0.3993
1.32	0.3969
1.33	0.3945
1.34	0.3921
1.35	0.3896
1.36	0.3870
1.37	0.3844
1.38	0.3817
1.39	0.3790
1.40	0.3763
1.41	0.3735
1.42	0.3708
1.43	0.3680
1.44	0.3653
1.45	0.3626
1.46	0.3600
1.47	0.3574
1.48	0.3548
1.49	0.3523
1.50	0.3499
1.51	0.3476
1.52	0.3453
1.53	0.3430
1.54	0.3409
1.55	0.3388
1.56	0.3367
1.57	0.3347
1.58	0.3328
1.59	0.3310
1.60	0.3292
1.61	0.3275
1.62	0.3259
1.63	0.3244
1.64	0.3230
1.65	0.3217
1.66	0.3205
1.67	0.3194
1.68	0.3184
1.69	0.3175
1.70	0.3166
1.71	0.3158
1.72	0.3149
1.73	0.3140
1.74	0.3131
1.75	0.3121
1.76	0.3110
1.77	0.3098
1.78	0.3085
1.79	0.3072
1.80	0.3058
1.81	0.3043
1.82	0.3028
1.83	0.3012
1.84	0.2996
1.85	0.2981
1.86	0.2965
1.87	0.2949
1.88	0.2933
1.89	0.2917
1.90	0.2902
1.91	0.2887
1.92	0.2872
1.93	0.2858
1.94	0.2844
1.95	0.2831
1.96	0.2818
1.97	0.2806
1.98	0.2795
1.99	0.2785
2.00	0.2775
2.01	0.2767
2.02	0.2758
2.03	0.2751
2.04	0.2744
2.05	0.2738
2.06	0.2733
2.07	0.2728
2.08	0.2723
2.09	0.2719
2.10	0.2715
2.11	0.2712
2.12	0.2709
2.13	0.2706
2.14	0.2704
2.15	0.2701
2.16	0.2699
2.17	0.2697
2.18	0.2695
2.19	0.2693
2.20	0.2691
2.21	0.2689
2.22	0.2687
2.23	0.2684
2.24	0.2682
2.25	0.2680
2.26	0.2678
2.27	0.2675
2.28	0.2673
2.29	0.2670
2.30	0.2667
2.31	0.2664
2.32	0.2661
2.33	0.2658
2.34	0.2654
2.35	0.2650
2.36	0.2646
2.37	0.2642
2.38	0.2637
2.39	0.2632
2.40	0.2627
2.41	0.2622
2.42	0.2616
2.43	0.2610
2.44	0.2603
2.45	0.2597
2.46	0.2590
2.47	0.2582
2.48	0.2574
2.49	0.2565
2.50	0.2556
2.51	0.2546
2.52	0.2536
2.53	0.2525
2.54	0.2513
2.55	0.2500
2.56	0.2486
2.57	0.2471
2.58	0.2456
2.59	0.2441
2.60	0.2426
2.61	0.2410
2.62	0.2395
2.63	0.2380
2.64	0.2366
2.65	0.2353
2.66	0.2340
2.67	0.2329
2.68	0.2319
2.69	0.2311
2.70	0.2303
2.71	0.2296
2.72	0.2290
2.73	0.2285
2.74	0.2281
2.75	0.2277
2.76	0.2273
2.77	0.2270
2.78	0.2268
2.79	0.2265
2.80	0.2263
2.81	0.2262
2.82	0.2260
2.83	0.2259
2.84	0.2258
2.85	0.2257
2.86	0.2256
2.87	0.2256
2.88	0.2255
2.89	0.2255
2.90	0.2254
2.91	0.2254
2.92	0.2253
2.93	0.2253
2.94	0.2253
2.95	0.2252
2.96	0.2252
2.97	0.2252
2.98	0.2252
2.99	0.2251
3.00	0.2251
3.01	0.2251
3.02	0.2250
3.03	0.2250
3.04	0.2249
3.05	0.2249
3.06	0.2248
3.07	0.2247
3.08	0.2246
3.09	0.2245
3.10	0.2244
3.11	0.2243
3.12	0.2241
3.13	0.2240
3.14	0.2238
3.15	0.2236
3.16	0.2234
3.17	0.2232
3.18	0.2230
3.19	0.2227
3.20	0.2225
3.21	0.2223
3.22	0.2220
3.23	0.2218
3.24	0.2216
3.25	0.2214
3.26	0.2212
3.27	0.2211
3.28	0.2210
3.29	0.2209
3.30	0.2209
3.31	0.2209
3.32	0.2209
3.33	0.2210
3.34	0.2211
3.35	0.2212
3.36	0.2214
3.37	0.2216
3.38	0.2218
3.39	0.2221
3.40	0.2224
3.41	0.2227
3.42	0.2230
3.43	0.2233
3.44	0.2237
3.45	0.2240
3.46	0.2244
3.47	0.2247
3.48	0.2251
3.49	0.2255
3.50	0.2258
3.51	0.2262
3.52	0.2265
3.53	0.2269
3.54	0.2273
3.55	0.2276
3.56	0.2280
3.57	0.2283
3.58	0.2286
3.59	0.2289
3.60	0.2292
3.61	0.2294
3.62	0.2297
3.63	0.2299
3.64	0.2301
3.65	0.2303
3.66	0.2304
3.67	0.2305
3.68	0.2306
3.69	0.2307
3.70	0.2307
3.71	0.2307
3.72	0.2307
3.73	0.2306
3.74	0.2305
3.75	0.2304
3.76	0.2303
3.77	0.2302
3.78	0.2300
3.79	0.2298
3.80	0.2297
3.81	0.2295
3.82	0.2294
3.83	0.2293
3.84	0.2292
3.85	0.2291
3.86	0.2291
3.87	0.2291
3.88	0.2291
3.89	0.2292
3.90	0.2293
3.91	0.2294
3.92	0.2296
3.93	0.2297
3.94	0.2299
3.95	0.2301
3.96	0.2302
3.97	0.2304
3.98	0.2306
3.99	0.2308
4.00	0.2310
4.01	0.2312
4.02	0.2313
4.03	0.2315
4.04	0.2317
4.05	0.2319
4.06	0.2320
4.07	0.2322
4.08	0.2323
4.09	0.2325
4.10	0.2326
4.11	0.2328
4.12	0.2329
4.13	0.2330
4.14	0.2331
4.15	0.2332
4.16	0.2333
4.17	0.2334
4.18	0.2335
4.19	0.2335
4.20	0.2336
4.21	0.2337
4.22	0.2337
4.23	0.2338
4.24	0.2338
4.25	0.2339
4.26	0.2339
4.27	0.2340
4.28	0.2340
4.29	0.2341
4.30	0.2341
4.31	0.2342
4.32	0.2342
4.33	0.2343
4.34	0.2343
4.35	0.2344
4.36	0.2345
4.37	0.2345
4.38	0.2346
4.39	0.2347
4.40	0.2348
4.41	0.2349
4.42	0.2350
4.43	0.2351
4.44	0.2352
4.45	0.2354
4.46	0.2355
4.47	0.2356
4.48	0.2358
4.49	0.2359
4.50	0.2360
4.51	0.2361
4.52	0.2363
4.53	0.2363
4.54	0.2364
4.55	0.2365
4.56	0.2365
4.57	0.2365
4.58	0.2365
4.59	0.2365
4.60	0.2365
4.61	0.2364
4.62	0.2363
4.63	0.2362
4.64	0.2360
4.65	0.2359
4.66	0.2357
4.67	0.2355
4.68	0.2353
4.69	0.2350
4.70	0.2348
4.71	0.2345
4.72	0.2342
4.73	0.2339
4.74	0.2336
4.75	0.2333
4.76	0.2330
4.77	0.2327
4.78	0.2324
4.79	0.2321
4.80	0.2318
4.81	0.2314
4.82	0.2311
4.83	0.2308
4.84	0.2305
4.85	0.2302
4.86	0.2299
4.87	0.2296
4.88	0.2293
4.89	0.2290
4.90	0.2287
4.91	0.2285
4.92	0.2282
4.93	0.2280
4.94	0.2278
4.95	0.2276
4.96	0.2274
4.97	0.2273
4.98	0.2271
4.99	0.2271
5.00	0.2270
5.01	0.2270
5.02	0.2270
5.03	0.2271
5.04	0.2271
5.05	0.2272
5.06	0.2273
5.07	0.2274
5.08	0.2275
5.09	0.2276
5.10	0.2277
5.11	0.2277
5.12	0.2278
5.13	0.2278
5.14	0.2278
5.15	0.2277
5.16	0.2276
5.17	0.2275
5.18	0.2274
5.19	0.2272
5.20	0.2270
5.21	0.2268
5.22	0.2265
5.23	0.2263
5.24	0.2260
5.25	0.2257
5.26	0.2254
5.27	0.2251
5.28	0.2247
5.29	0.2244
5.30	0.2241
5.31	0.2237
5.32	0.2234
5.33	0.2230
5.34	0.2227
5.35	0.2224
5.36	0.2220
5.37	0.2217
5.38	0.2213
5.39	0.2210
5.40	0.2206
5.41	0.2203
5.42	0.2200
5.43	0.2196
5.44	0.2193
5.45	0.2190
5.46	0.2187
5.47	0.2184
5.48	0.2182
5.49	0.2179
5.50	0.2177
5.51	0.2175
5.52	0.2173
5.53	0.2171
5.54	0.2169
5.55	0.2168
5.56	0.2166
5.57	0.2165
5.58	0.2164
5.59	0.2163
5.60	0.2162
5.61	0.2161
5.62	0.2160
5.63	0.2159
5.64	0.2158
5.65	0.2156
5.66	0.2155
5.67	0.2154
5.68	0.2152
5.69	0.2150
5.70	0.2148
5.71	0.2146
5.72	0.2143
5.73	0.2140
5.74	0.2137
5.75	0.2134
5.76	0.2131
5.77	0.2127
5.78	0.2123
5.79	0.2120
5.80	0.2116
5.81	0.2112
5.82	0.2108
5.83	0.2104
5.84	0.2101
5.85	0.2097
5.86	0.2093
5.87	0.2089
5.88	0.2086
5.89	0.2082
5.90	0.2079
5.91	0.2076
5.92	0.2073
5.93	0.2070
5.94	0.2068
5.95	0.2065
5.96	0.2063
5.97	0.2061
5.98	0.2060
5.99	0.2059
6.00	0.2058
6.01	0.2057
6.02	0.2057
6.03	0.2057
6.04	0.2057
6.05	0.2057
6.06	0.2058
6.07	0.2059
6.08	0.2060
6.09	0.2061
6.10	0.2062
6.11	0.2063
6.12	0.2064
6.13	0.2065
6.14	0.2066
6.15	0.2067
6.16	0.2068
6.17	0.2069
6.18	0.2070
6.19	0.2070
6.20	0.2070
6.21	0.2071
6.22	0.2070
6.23	0.2070
6.24	0.2069
6.25	0.2068
6.26	0.2067
6.27	0.2065
6.28	0.2063
6.29	0.2061
6.30	0.2059
6.31	0.2056
6.32	0.2054
6.33	0.2051
6.34	0.2048
6.35	0.2044
6.36	0.2041
6.37	0.2038
6.38	0.2034
6.39	0.2031
6.40	0.2027
6.41	0.2024
6.42	0.2020
6.43	0.2016
6.44	0.2013
6.45	0.2009
6.46	0.2006
6.47	0.2003
6.48	0.1999
6.49	0.1996
6.50	0.1993
6.51	0.1990
6.52	0.1988
6.53	0.1985
6.54	0.1983
6.55	0.1981
6.56	0.1979
6.57	0.1978
6.58	0.1976
6.59	0.1975
6.60	0.1974
6.61	0.1973
6.62	0.1972
6.63	0.1971
6.64	0.1970
6.65	0.1969
6.66	0.1968
6.67	0.1968
6.68	0.1967
6.69	0.1966
6.70	0.1965
6.71	0.1964
6.72	0.1963
6.73	0.1962
6.74	0.1960
6.75	0.1959
6.76	0.1957
6.77	0.1955
6.78	0.1952
6.79	0.1950
6.80	0.1947
6.81	0.1944
6.82	0.1940
6.83	0.1936
6.84	0.1932
6.85	0.1928
6.86	0.1924
6.87	0.1919
6.88	0.1915
6.89	0.1910
6.90	0.1905
6.91	0.1900
6.92	0.1895
6.93	0.1890
6.94	0.1885
6.95	0.1880
6.96	0.1875
6.97	0.1871
6.98	0.1866
6.99	0.1862
7.00	0.1857
7.01	0.1853
7.02	0.1850
7.03	0.1846
7.04	0.1843
7.05	0.1840
7.06	0.1837
7.07	0.1834
7.08	0.1832
7.09	0.1830
7.10	0.1829
7.11	0.1828
7.12	0.1827
7.13	0.1826
7.14	0.1825
7.15	0.1825
7.16	0.1825
7.17	0.1825
7.18	0.1824
7.19	0.1824
7.20	0.1825
7.21	0.1825
7.22	0.1825
7.23	0.1825
7.24	0.1825
7.25	0.1825
7.26	0.1824
7.27	0.1824
7.28	0.1824
7.29	0.1823
7.30	0.1822
7.31	0.1820
7.32	0.1819
7.33	0.1817
7.34	0.1814
7.35	0.1812
7.36	0.1808
7.37	0.1805
7.38	0.1801
7.39	0.1797
7.40	0.1792
7.41	0.1787
7.42	0.1782
7.43	0.1777
7.44	0.1772
7.45	0.1767
7.46	0.1762
7.47	0.1758
7.48	0.1753
7.49	0.1748
7.50	0.1744
7.51	0.1740
7.52	0.1736
7.53	0.1733
7.54	0.1730
7.55	0.1727
7.56	0.1725
7.57	0.1723
7.58	0.1721
7.59	0.1720
7.60	0.1720
7.61	0.1719
7.62	0.1719
7.63	0.1719
7.64	0.1719
7.65	0.1719
7.66	0.1720
7.67	0.1720
7.68	0.1721
7.69	0.1722
7.70	0.1723
7.71	0.1724
7.72	0.1725
7.73	0.1726
7.74	0.1727
7.75	0.1728
7.76	0.1729
7.77	0.1729
7.78	0.1730
7.79	0.1731
7.80	0.1732
7.81	0.1732
7.82	0.1733
7.83	0.1733
7.84	0.1733
7.85	0.1732
7.86	0.1732
7.87	0.1731
7.88	0.1730
7.89	0.1728
7.90	0.1726
7.91	0.1724
7.92	0.1722
7.93	0.1719
7.94	0.1716
7.95	0.1713
7.96	0.1710
7.97	0.1707
7.98	0.1703
7.99	0.1700
8.00	0.1696
8.01	0.1693
8.02	0.1689
8.03	0.1686
8.04	0.1683
8.05	0.1680
8.06	0.1677
8.07	0.1674
8.08	0.1672
8.09	0.1670
8.10	0.1668
8.11	0.1666
8.12	0.1665
8.13	0.1664
8.14	0.1663
8.15	0.1662
8.16	0.1661
8.17	0.1661
8.18	0.1661
8.19	0.1660
8.20	0.1660
8.21	0.1660
8.22	0.1661
8.23	0.1661
8.24	0.1661
8.25	0.1661
8.26	0.1662
8.27	0.1662
8.28	0.1663
8.29	0.1663
8.30	0.1664
8.31	0.1664
8.32	0.1665
8.33	0.1665
8.34	0.1665
8.35	0.1666
8.36	0.1666
8.37	0.1666
8.38	0.1666
8.39	0.1666
8.40	0.1666
8.41	0.1666
8.42	0.1666
8.43	0.1665
8.44	0.1665
8.45	0.1664
8.46	0.1663
8.47	0.1662
8.48	0.1660
8.49	0.1659
8.50	0.1657
8.51	0.1656
8.52	0.1654
8.53	0.1652
8.54	0.1650
8.55	0.1648
8.56	0.1645
8.57	0.1643
8.58	0.1641
8.59	0.1639
8.60	0.1637
8.61	0.1634
8.62	0.1632
8.63	0.1630
8.64	0.1628
8.65	0.1626
8.66	0.1624
8.67	0.1622
8.68	0.1620
8.69	0.1618
8.70	0.1616
8.71	0.1614
8.72	0.1612
8.73	0.1611
8.74	0.1609
8.75	0.1607
8.76	0.1605
8.77	0.1604
8.78	0.1602
8.79	0.1600
8.80	0.1599
8.81	0.1597
8.82	0.1596
8.83	0.1594
8.84	0.1593
8.85	0.1591
8.86	0.1590
8.87	0.1588
8.88	0.1587
8.89	0.1585
8.90	0.1584
8.91	0.1582
8.92	0.1581
8.93	0.1580
8.94	0.1578
8.95	0.1577
8.96	0.1576
8.97	0.1575
8.98	0.1573
8.99	0.1572
9.00	0.1571
9.01	0.1570
9.02	0.1569
9.03	0.1568
9.04	0.1567
9.05	0.1567
9.06	0.1566
9.07	0.1565
9.08	0.1565
9.09	0.1564
9.10	0.1564
9.11	0.1563
9.12	0.1563
9.13	0.1563
9.14	0.1563
9.15	0.1563
9.16	0.1563
9.17	0.1563
9.18	0.1564
9.19	0.1564
9.20	0.1564
9.21	0.1565
9.22	0.1565
9.23	0.1566
9.24	0.1566
9.25	0.1567
9.26	0.1567
9.27	0.1568
9.28	0.1568
9.29	0.1568
9.30	0.1569
9.31	0.1569
9.32	0.1569
9.33	0.1569
9.34	0.1569
9.35	0.1569
9.36	0.1568
9.37	0.1568
9.38	0.1567
9.39	0.1566
9.40	0.1565
9.41	0.1564
9.42	0.1562
9.43	0.1561
9.44	0.1559
9.45	0.1556
9.46	0.1553
9.47	0.1550
9.48	0.1547
9.49	0.1543
9.50	0.1539
9.51	0.1535
9.52	0.1530
9.53	0.1526
9.54	0.1521
9.55	0.1516
9.56	0.1511
9.57	0.1506
9.58	0.1501
9.59	0.1497
9.60	0.1493
9.61	0.1488
9.62	0.1485
9.63	0.1481
9.64	0.1478
9.65	0.1476
9.66	0.1473
9.67	0.1472
9.68	0.1471
9.69	0.1470
9.70	0.1470
9.71	0.1470
9.72	0.1471
9.73	0.1472
9.74	0.1474
9.75	0.1476
9.76	0.1478
9.77	0.1481
9.78	0.1484
9.79	0.1487
9.80	0.1490
9.81	0.1493
9.82	0.1496
9.83	0.1499
9.84	0.1502
9.85	0.1505
9.86	0.1508
9.87	0.1510
9.88	0.1513
9.89	0.1515
9.90	0.1518
9.91	0.1519
9.92	0.1521
9.93	0.1522
9.94	0.1523
9.95	0.1523
9.96	0.1522
9.97	0.1521
9.98	0.1520
9.99	0.1517
10.00	0.1513
10.01	0.1509
10.02	0.1503
10.03	0.1497
10.04	0.1489
10.05	0.1481
10.06	0.1473
10.07	0.1463
10.08	0.1453
10.09	0.1443
10.10	0.1432
10.11	0.1422
10.12	0.1411
10.13	0.1401
10.14	0.1391
10.15	0.1382
10.16	0.1373
10.17	0.1365
10.18	0.1358
10.19	0.1352
10.20	0.1346
10.21	0.1342
10.22	0.1339
10.23	0.1336
10.24	0.1335
10.25	0.1334
10.26	0.1334
10.27	0.1335
10.28	0.1336
10.29	0.1338
10.30	0.1340
10.31	0.1342
10.32	0.1345
10.33	0.1348
10.34	0.1352
10.35	0.1355
10.36	0.1359
10.37	0.1363
10.38	0.1367
10.39	0.1371
10.40	0.1375
10.41	0.1379
10.42	0.1384
10.43	0.1388
10.44	0.1392
10.45	0.1396
10.46	0.1400
10.47	0.1403
10.48	0.1407
10.49	0.1410
10.50	0.1413
10.51	0.1415
10.52	0.1417
10.53	0.1419
10.54	0.1421
10.55	0.1422
10.56	0.1422
10.57	0.1423
10.58	0.1423
10.59	0.1423
10.60	0.1422
10.61	0.1422
10.62	0.1421
10.63	0.1420
10.64	0.1418
10.65	0.1417
10.66	0.1415
10.67	0.1414
10.68	0.1412
10.69	0.1410
10.70	0.1408
10.71	0.1406
10.72	0.1404
10.73	0.1402
10.74	0.1400
10.75	0.1398
10.76	0.1396
10.77	0.1395
10.78	0.1393
10.79	0.1392
10.80	0.1390
10.81	0.1389
10.82	0.1388
10.83	0.1387
10.84	0.1386
10.85	0.1385
10.86	0.1384
10.87	0.1383
10.88	0.1382
10.89	0.1381
10.90	0.1380
10.91	0.1379
10.92	0.1379
10.93	0.1378
10.94	0.1377
10.95	0.1376
10.96	0.1376
10.97	0.1375
10.98	0.1374
10.99	0.1373
11.00	0.1372
11.01	0.1371
11.02	0.1370
11.03	0.1369
11.04	0.1368
11.05	0.1367
11.06	0.1366
11.07	0.1365
11.08	0.1363
11.09	0.1362
11.10	0.1360
11.11	0.1359
11.12	0.1357
11.13	0.1355
11.14	0.1353
11.15	0.1352
11.16	0.1350
11.17	0.1348
11.18	0.1346
11.19	0.1344
11.20	0.1343
11.21	0.1341
11.22	0.1339
11.23	0.1338
11.24	0.1336
11.25	0.1335
11.26	0.1334
11.27	0.1332
11.28	0.1331
11.29	0.1330
11.30	0.1329
11.31	0.1329
11.32	0.1328
11.33	0.1327
11.34	0.1327
11.35	0.1327
11.36	0.1326
11.37	0.1326
11.38	0.1326
11.39	0.1325
11.40	0.1325
11.41	0.1325
11.42	0.1325
11.43	0.1325
11.44	0.1325
11.45	0.1325
11.46	0.1326
11.47	0.1326
11.48	0.1326
11.49	0.1326
11.50	0.1327
11.51	0.1327
11.52	0.1327
11.53	0.1327
11.54	0.1328
11.55	0.1328
11.56	0.1329
11.57	0.1329
11.58	0.1329
11.59	0.1330
11.60	0.1330
11.61	0.1330
11.62	0.1331
11.63	0.1331
11.64	0.1332
11.65	0.1332
11.66	0.1333
11.67	0.1333
11.68	0.1334
11.69	0.1334
11.70	0.1335
11.71	0.1336
11.72	0.1337
11.73	0.1338
11.74	0.1338
11.75	0.1339
11.76	0.1340
11.77	0.1342
11.78	0.1343
11.79	0.1344
11.80	0.1345
11.81	0.1347
11.82	0.1348
11.83	0.1350
11.84	0.1351
11.85	0.1353
11.86	0.1355
11.87	0.1356
11.88	0.1358
11.89	0.1359
11.90	0.1361
11.91	0.1363
11.92	0.1364
11.93	0.1366
11.94	0.1367
11.95	0.1368
11.96	0.1370
11.97	0.1371
11.98	0.1372
11.99	0.1373
12.00	0.1374
12.01	0.1375
12.02	0.1376
12.03	0.1376
12.04	0.1377
12.05	0.1377
12.06	0.1377
12.07	0.1377
12.08	0.1377
12.09	0.1377
12.10	0.1376
12.11	0.1375
12.12	0.1374
12.13	0.1372
12.14	0.1371
12.15	0.1369
12.16	0.1367
12.17	0.1365
12.18	0.1362
12.19	0.1360
12.20	0.1357
12.21	0.1355
12.22	0.1352
12.23	0.1349
12.24	0.1346
12.25	0.1343
12.26	0.1341
12.27	0.1338
12.28	0.1335
12.29	0.1333
12.30	0.1330
12.31	0.1328
12.32	0.1326
12.33	0.1324
12.34	0.1322
12.35	0.1320
12.36	0.1319
12.37	0.1318
12.38	0.1317
12.39	0.1317
12.40	0.1316
12.41	0.1316
12.42	0.1316
12.43	0.1316
12.44	0.1316
12.45	0.1316
12.46	0.1316
12.47	0.1317
12.48	0.1317
12.49	0.1318
12.50	0.1319
12.51	0.1319
12.52	0.1320
12.53	0.1321
12.54	0.1322
12.55	0.1323
12.56	0.1323
12.57	0.1324
12.58	0.1325
12.59	0.1326
12.60	0.1327
12.61	0.1327
12.62	0.1328
12.63	0.1329
12.64	0.1329
12.65	0.1330
12.66	0.1330
12.67	0.1331
12.68	0.1331
12.69	0.1331
12.70	0.1331
12.71	0.1332
12.72	0.1332
12.73	0.1332
12.74	0.1332
12.75	0.1332
12.76	0.1332
12.77	0.1332
12.78	0.1332
12.79	0.1331
12.80	0.1331
12.81	0.1331
12.82	0.1331
12.83	0.1331
12.84	0.1330
12.85	0.1330
12.86	0.1330
12.87	0.1330
12.88	0.1330
12.89	0.1329
12.90	0.1329
12.91	0.1329
12.92	0.1329
12.93	0.1329
12.94	0.1329
12.95	0.1328
12.96	0.1328
12.97	0.1328
12.98	0.1328
12.99	0.1328
13.00	0.1328
13.01	0.1328
13.02	0.1328
13.03	0.1328
13.04	0.1328
13.05	0.1328
13.06	0.1328
13.07	0.1328
13.08	0.1328
13.09	0.1329
13.10	0.1329
13.11	0.1329
13.12	0.1329
13.13	0.1329
13.14	0.1329
13.15	0.1329
13.16	0.1329
13.17	0.1329
13.18	0.1329
13.19	0.1329
13.20	0.1329
13.21	0.1329
13.22	0.1329
13.23	0.1329
13.24	0.1329
13.25	0.1329
13.26	0.1329
13.27	0.1330
13.28	0.1330
13.29	0.1330
13.30	0.1330
13.31	0.1331
13.32	0.1331
13.33	0.1332
13.34	0.1332
13.35	0.1333
13.36	0.1333
13.37	0.1334
13.38	0.1335
13.39	0.1336
13.40	0.1336
13.41	0.1337
13.42	0.1338
13.43	0.1339
13.44	0.1341
13.45	0.1342
13.46	0.1343
13.47	0.1344
13.48	0.1346
13.49	0.1347
13.50	0.1348
13.51	0.1350
13.52	0.1351
13.53	0.1353
13.54	0.1354
13.55	0.1356
13.56	0.1357
13.57	0.1359
13.58	0.1360
13.59	0.1362
13.60	0.1363
13.61	0.1364
13.62	0.1366
13.63	0.1367
13.64	0.1369
13.65	0.1370
13.66	0.1371
13.67	0.1372
13.68	0.1373
13.69	0.1374
13.70	0.1375
13.71	0.1376
13.72	0.1377
13.73	0.1377
13.74	0.1378
13.75	0.1378
13.76	0.1378
13.77	0.1379
13.78	0.1379
13.79	0.1379
13.80	0.1379
13.81	0.1378
13.82	0.1378
13.83	0.1377
13.84	0.1377
13.85	0.1376
13.86	0.1375
13.87	0.1375
13.88	0.1374
13.89	0.1373
13.90	0.1371
13.91	0.1370
13.92	0.1369
13.93	0.1368
13.94	0.1366
13.95	0.1365
13.96	0.1364
13.97	0.1362
13.98	0.1361
13.99	0.1359
14.00	0.1358
14.01	0.1356
14.02	0.1355
14.03	0.1353
14.04	0.1352
14.05	0.1350
14.06	0.1349
14.07	0.1348
14.08	0.1346
14.09	0.1345
14.10	0.1344
14.11	0.1343
14.12	0.1342
14.13	0.1341
14.14	0.1340
14.15	0.1339
14.16	0.1339
14.17	0.1338
14.18	0.1338
14.19	0.1338
14.20	0.1337
14.21	0.1337
14.22	0.1338
14.23	0.1338
14.24	0.1338
14.25	0.1339
14.26	0.1340
14.27	0.1341
14.28	0.1342
14.29	0.1343
14.30	0.1345
14.31	0.1346
14.32	0.1348
14.33	0.1350
14.34	0.1351
14.35	0.1353
14.36	0.1355
14.37	0.1358
14.38	0.1360
14.39	0.1362
14.40	0.1364
14.41	0.1367
14.42	0.1369
14.43	0.1372
14.44	0.1374
14.45	0.1377
14.46	0.1379
14.47	0.1382
14.48	0.1384
14.49	0.1386
14.50	0.1389
14.51	0.1391
14.52	0.1394
14.53	0.1396
14.54	0.1398
14.55	0.1401
14.56	0.1403
14.57	0.1405
14.58	0.1408
14.59	0.1410
14.60	0.1413
14.61	0.1415
14.62	0.1418
14.63	0.1420
14.64	0.1423
14.65	0.1425
14.66	0.1428
14.67	0.1430
14.68	0.1433
14.69	0.1436
14.70	0.1439
14.71	0.1442
14.72	0.1445
14.73	0.1448
14.74	0.1451
14.75	0.1454
14.76	0.1457
14.77	0.1460
14.78	0.1464
14.79	0.1467
14.80	0.1471
14.81	0.1474
14.82	0.1477
14.83	0.1481
14.84	0.1484
14.85	0.1488
14.86	0.1491
14.87	0.1495
14.88	0.1498
14.89	0.1501
14.90	0.1504
14.91	0.1508
14.92	0.1511
14.93	0.1514
14.94	0.1517
14.95	0.1520
14.96	0.1522
14.97	0.1525
14.98	0.1528
14.99	0.1530
15.00	0.1533
15.01	0.1535
15.02	0.1537
15.03	0.1539
15.04	0.1541
15.05	0.1543
15.06	0.1544
15.07	0.1546
15.08	0.1548
15.09	0.1549
15.10	0.1551
15.11	0.1553
15.12	0.1554
15.13	0.1556
15.14	0.1557
15.15	0.1559
15.16	0.1561
15.17	0.1562
15.18	0.1564
15.19	0.1566
15.20	0.1568
15.21	0.1570
15.22	0.1572
15.23	0.1575
15.24	0.1577
15.25	0.1580
15.26	0.1583
15.27	0.1586
15.28	0.1589
15.29	0.1593
15.30	0.1596
15.31	0.1600
15.32	0.1605
15.33	0.1609
15.34	0.1613
15.35	0.1618
15.36	0.1623
15.37	0.1628
15.38	0.1633
15.39	0.1637
15.40	0.1642
15.41	0.1647
15.42	0.1652
15.43	0.1657
15.44	0.1661
15.45	0.1665
15.46	0.1670
15.47	0.1674
15.48	0.1677
15.49	0.1681
15.50	0.1684
15.51	0.1687
15.52	0.1690
15.53	0.1692
15.54	0.1694
15.55	0.1696
15.56	0.1698
15.57	0.1699
15.58	0.1700
15.59	0.1702
15.60	0.1703
15.61	0.1704
15.62	0.1704
15.63	0.1705
15.64	0.1706
15.65	0.1707
15.66	0.1708
15.67	0.1709
15.68	0.1710
15.69	0.1711
15.70	0.1712
15.71	0.1713
15.72	0.1714
15.73	0.1716
15.74	0.1718
15.75	0.1720
15.76	0.1722
15.77	0.1724
15.78	0.1727
15.79	0.1730
15.80	0.1734
15.81	0.1738
15.82	0.1742
15.83	0.1746
15.84	0.1752
15.85	0.1757
15.86	0.1763
15.87	0.1769
15.88	0.1776
15.89	0.1783
15.90	0.1791
15.91	0.1798
15.92	0.1806
15.93	0.1814
15.94	0.1823
15.95	0.1831
15.96	0.1840
15.97	0.1849
15.98	0.1857
15.99	0.1866
16.00	0.1875
16.01	0.1884
16.02	0.1893
16.03	0.1902
16.04	0.1910
16.05	0.1919
16.06	0.1927
16.07	0.1935
16.08	0.1943
16.09	0.1951
16.10	0.1959
16.11	0.1966
16.12	0.1973
16.13	0.1980
16.14	0.1987
16.15	0.1994
16.16	0.2000
16.17	0.2007
16.18	0.2013
16.19	0.2019
16.20	0.2025
16.21	0.2031
16.22	0.2036
16.23	0.2042
16.24	0.2047
16.25	0.2052
16.26	0.2057
16.27	0.2062
16.28	0.2066
16.29	0.2071
16.30	0.2075
16.31	0.2079
16.32	0.2083
16.33	0.2087
16.34	0.2091
16.35	0.2094
16.36	0.2097
16.37	0.2100
16.38	0.2103
16.39	0.2106
16.40	0.2108
16.41	0.2111
16.42	0.2113
16.43	0.2115
16.44	0.2116
16.45	0.2118
16.46	0.2119
16.47	0.2120
16.48	0.2121
16.49	0.2122
16.50	0.2123
16.51	0.2123
16.52	0.2123
16.53	0.2123
16.54	0.2123
16.55	0.2123
16.56	0.2123
16.57	0.2122
16.58	0.2122
16.59	0.2121
16.60	0.2120
16.61	0.2119
16.62	0.2118
16.63	0.2117
16.64	0.2116
16.65	0.2115
16.66	0.2113
16.67	0.2112
16.68	0.2110
16.69	0.2109
16.70	0.2107
16.71	0.2105
16.72	0.2104
16.73	0.2102
16.74	0.2100
16.75	0.2098
16.76	0.2096
16.77	0.2094
16.78	0.2092
16.79	0.2090
16.80	0.2088
16.81	0.2086
16.82	0.2084
16.83	0.2082
16.84	0.2079
16.85	0.2077
16.86	0.2075
16.87	0.2073
16.88	0.2070
16.89	0.2068
16.90	0.2065
16.91	0.2063
16.92	0.2061
16.93	0.2058
16.94	0.2056
16.95	0.2054
16.96	0.2051
16.97	0.2049
16.98	0.2046
16.99	0.2044
17.00	0.2042
17.01	0.2040
17.02	0.2037
17.03	0.2035
17.04	0.2033
17.05	0.2031
17.06	0.2029
17.07	0.2027
17.08	0.2025
17.09	0.2023
17.10	0.2021
17.11	0.2019
17.12	0.2018
17.13	0.2016
17.14	0.2014
17.15	0.2013
17.16	0.2011
17.17	0.2010
17.18	0.2008
17.19	0.2007
17.20	0.2006
17.21	0.2005
17.22	0.2004
17.23	0.2003
17.24	0.2002
17.25	0.2001
17.26	0.2000
17.27	0.1999
17.28	0.1999
17.29	0.1998
17.30	0.1998
17.31	0.1997
17.32	0.1997
17.33	0.1997
17.34	0.1997
17.35	0.1997
17.36	0.1997
17.37	0.1997
17.38	0.1998
17.39	0.1998
17.40	0.1999
17.41	0.2000
17.42	0.2001
17.43	0.2002
17.44	0.2003
17.45	0.2004
17.46	0.2006
17.47	0.2007
17.48	0.2009
17.49	0.2010
17.50	0.2012
17.51	0.2013
17.52	0.2015
17.53	0.2016
17.54	0.2018
17.55	0.2019
17.56	0.2021
17.57	0.2022
17.58	0.2023
17.59	0.2024
17.60	0.2025
17.61	0.2026
17.62	0.2026
17.63	0.2026
17.64	0.2027
17.65	0.2027
17.66	0.2026
17.67	0.2026
17.68	0.2025
17.69	0.2025
17.70	0.2024
17.71	0.2023
17.72	0.2022
17.73	0.2021
17.74	0.2019
17.75	0.2018
17.76	0.2017
17.77	0.2015
17.78	0.2014
17.79	0.2013
17.80	0.2011
17.81	0.2010
17.82	0.2009
17.83	0.2007
17.84	0.2006
17.85	0.2005
17.86	0.2004
17.87	0.2003
17.88	0.2002
17.89	0.2001
17.90	0.2000
17.91	0.1999
17.92	0.1999
17.93	0.1999
17.94	0.1998
17.95	0.1998
17.96	0.1999
17.97	0.1999
17.98	0.2000
17.99	0.2000
18.00	0.2001
18.01	0.2002
18.02	0.2003
18.03	0.2004
18.04	0.2006
18.05	0.2007
18.06	0.2008
18.07	0.2010
18.08	0.2011
18.09	0.2013
18.10	0.2015
18.11	0.2016
18.12	0.2018
18.13	0.2019
18.14	0.2021
18.15	0.2022
18.16	0.2023
18.17	0.2025
18.18	0.2026
18.19	0.2027
18.20	0.2028
18.21	0.2028
18.22	0.2029
18.23	0.2030
18.24	0.2030
18.25	0.2031
18.26	0.2031
18.27	0.2031
18.28	0.2031
18.29	0.2032
18.30	0.2032
18.31	0.2032
18.32	0.2032
18.33	0.2031
18.34	0.2031
18.35	0.2031
18.36	0.2031
18.37	0.2030
18.38	0.2030
18.39	0.2030
18.40	0.2029
18.41	0.2029
18.42	0.2028
18.43	0.2028
18.44	0.2027
18.45	0.2027
18.46	0.2026
18.47	0.2026
18.48	0.2025
18.49	0.2024
18.50	0.2024
18.51	0.2023
18.52	0.2022
18.53	0.2022
18.54	0.2021
18.55	0.2020
18.56	0.2020
18.57	0.2019
18.58	0.2018
18.59	0.2018
18.60	0.2017
18.61	0.2016
18.62	0.2015
18.63	0.2015
18.64	0.2014
18.65	0.2013
18.66	0.2013
18.67	0.2012
18.68	0.2011
18.69	0.2010
18.70	0.2010
18.71	0.2009
18.72	0.2008
18.73	0.2007
18.74	0.2007
18.75	0.2006
18.76	0.2005
18.77	0.2005
18.78	0.2004
18.79	0.2003
18.80	0.2003
18.81	0.2002
18.82	0.2002
18.83	0.2001
18.84	0.2001
18.85	0.2000
18.86	0.2000
18.87	0.1999
18.88	0.1999
18.89	0.1999
18.90	0.1998
18.91	0.1998
18.92	0.1998
18.93	0.1998
18.94	0.1998
18.95	0.1998
18.96	0.1998
18.97	0.1998
18.98	0.1998
18.99	0.1998
19.00	0.1998
19.01	0.1999
19.02	0.1999
19.03	0.2000
19.04	0.2000
19.05	0.2001
19.06	0.2001
19.07	0.2002
19.08	0.2003
19.09	0.2004
19.10	0.2005
19.11	0.2006
19.12	0.2007
19.13	0.2008
19.14	0.2009
19.15	0.2010
19.16	0.2012
19.17	0.2013
19.18	0.2014
19.19	0.2016
19.20	0.2017
19.21	0.2019
19.22	0.2020
19.23	0.2022
19.24	0.2024
19.25	0.2025
19.26	0.2027
19.27	0.2029
19.28	0.2031
19.29	0.2033
19.30	0.2034
19.31	0.2036
19.32	0.2038
19.33	0.2040
19.34	0.2041
19.35	0.2043
19.36	0.2045
19.37	0.2046
19.38	0.2048
19.39	0.2049
19.40	0.2050
19.41	0.2052
19.42	0.2053
19.43	0.2053
19.44	0.2054
19.45	0.2055
19.46	0.2055
19.47	0.2055
19.48	0.2056
19.49	0.2055
19.50	0.2055
19.51	0.2054
19.52	0.2054
19.53	0.2053
19.54	0.2051
19.55	0.2050
19.56	0.2048
19.57	0.2047
19.58	0.2045
19.59	0.2043
19.60	0.2041
19.61	0.2038
19.62	0.2036
19.63	0.2034
19.64	0.2032
19.65	0.2029
19.66	0.2027
19.67	0.2025
19.68	0.2022
19.69	0.2020
19.70	0.2018
19.71	0.2016
19.72	0.2015
19.73	0.2013
19.74	0.2011
19.75	0.2010
19.76	0.2009
19.77	0.2008
19.78	0.2007
19.79	0.2007
19.80	0.2007
19.81	0.2007
19.82	0.2007
19.83	0.2007
19.84	0.2008
19.85	0.2009
19.86	0.2010
19.87	0.2011
19.88	0.2012
19.89	0.2013
19.90	0.2015
19.91	0.2016
19.92	0.2018
19.93	0.2019
19.94	0.2021
19.95	0.2022
19.96	0.2024
19.97	0.2026
19.98	0.2027
19.99	0.2029
20.00	0.2030
20.01	0.2031
20.02	0.2032
20.03	0.2033
20.04	0.2034
20.05	0.2035
20.06	0.2035
20.07	0.2036
20.08	0.2036
20.09	0.2036
20.10	0.2035
20.11	0.2035
20.12	0.2034
20.13	0.2033
20.14	0.2032
20.15	0.2031
20.16	0.2029
20.17	0.2028
20.18	0.2026
20.19	0.2024
20.20	0.2023
20.21	0.2021
20.22	0.2019
20.23	0.2017
20.24	0.2016
20.25	0.2014
20.26	0.2012
20.27	0.2010
20.28	0.2009
20.29	0.2007
20.30	0.2005
20.31	0.2004
20.32	0.2002
20.33	0.2001
20.34	0.2000
20.35	0.1998
20.36	0.1997
20.37	0.1996
20.38	0.1995
20.39	0.1994
20.40	0.1993
20.41	0.1992
20.42	0.1991
20.43	0.1990
20.44	0.1990
20.45	0.1989
20.46	0.1988
20.47	0.1988
20.48	0.1987
20.49	0.1987
20.50	0.1987
20.51	0.1986
20.52	0.1986
20.53	0.1986
20.54	0.1986
20.55	0.1987
20.56	0.1987
20.57	0.1987
20.58	0.1988
20.59	0.1988
20.60	0.1989
20.61	0.1990
20.62	0.1991
20.63	0.1992
20.64	0.1994
20.65	0.1995
20.66	0.1996
20.67	0.1998
20.68	0.1999
20.69	0.2001
20.70	0.2003
20.71	0.2005
20.72	0.2006
20.73	0.2008
20.74	0.2010
20.75	0.2012
20.76	0.2013
20.77	0.2015
20.78	0.2017
20.79	0.2018
20.80	0.2020
20.81	0.2021
20.82	0.2023
20.83	0.2024
20.84	0.2025
20.85	0.2026
20.86	0.2027
20.87	0.2027
20.88	0.2028
20.89	0.2028
20.90	0.2029
20.91	0.2029
20.92	0.2029
20.93	0.2029
20.94	0.2029
20.95	0.2029
20.96	0.2029
20.97	0.2029
20.98	0.2029
20.99	0.2028
21.00	0.2028
21.01	0.2028
21.02	0.2028
21.03	0.2027
21.04	0.2027
21.05	0.2027
21.06	0.2026
21.07	0.2026
21.08	0.2026
21.09	0.2026
21.10	0.2025
21.11	0.2025
21.12	0.2025
21.13	0.2025
21.14	0.2025
21.15	0.2025
21.16	0.2025
21.17	0.2026
21.18	0.2026
21.19	0.2026
21.20	0.2026
21.21	0.2026
21.22	0.2026
21.23	0.2027
21.24	0.2027
21.25	0.2027
21.26	0.2027
21.27	0.2027
21.28	0.2027
21.29	0.2027
21.30	0.2027
21.31	0.2027
21.32	0.2026
21.33	0.2026
21.34	0.2026
21.35	0.2025
21.36	0.2025
21.37	0.2024
21.38	0.2023
21.39	0.2023
21.40	0.2022
21.41	0.2021
21.42	0.2020
21.43	0.2019
21.44	0.2018
21.45	0.2017
21.46	0.2017
21.47	0.2016
21.48	0.2015
21.49	0.2014
21.50	0.2013
21.51	0.2012
21.52	0.2012
21.53	0.2011
21.54	0.2010
21.55	0.2009
21.56	0.2009
21.57	0.2008
21.58	0.2008
21.59	0.2007
21.60	0.2007
21.61	0.2007
21.62	0.2006
21.63	0.2006
21.64	0.2006
21.65	0.2007
21.66	0.2007
21.67	0.2007
21.68	0.2008
21.69	0.2008
21.70	0.2009
21.71	0.2009
21.72	0.2010
21.73	0.2011
21.74	0.2012
21.75	0.2013
21.76	0.2014
21.77	0.2015
21.78	0.2016
21.79	0.2017
21.80	0.2018
21.81	0.2019
21.82	0.2020
21.83	0.2021
21.84	0.2021
21.85	0.2022
21.86	0.2023
21.87	0.2024
21.88	0.2024
21.89	0.2025
21.90	0.2025
21.91	0.2025
21.92	0.2025
21.93	0.2025
21.94	0.2025
21.95	0.2025
21.96	0.2024
21.97	0.2024
21.98	0.2023
21.99	0.2023
22.00	0.2022
22.01	0.2022
22.02	0.2021
22.03	0.2020
22.04	0.2020
22.05	0.2019
22.06	0.2018
22.07	0.2018
22.08	0.2017
22.09	0.2017
22.10	0.2016
22.11	0.2016
22.12	0.2016
22.13	0.2015
22.14	0.2015
22.15	0.2015
22.16	0.2015
22.17	0.2016
22.18	0.2016
22.19	0.2016
22.20	0.2017
22.21	0.2018
22.22	0.2018
22.23	0.2019
22.24	0.2020
22.25	0.2021
22.26	0.2023
22.27	0.2024
22.28	0.2025
22.29	0.2026
22.30	0.2027
22.31	0.2029
22.32	0.2030
22.33	0.2031
22.34	0.2033
22.35	0.2034
22.36	0.2035
22.37	0.2036
22.38	0.2038
22.39	0.2039
22.40	0.2040
22.41	0.2041
22.42	0.2042
22.43	0.2042
22.44	0.2043
22.45	0.2044
22.46	0.2044
22.47	0.2045
22.48	0.2045
22.49	0.2045
22.50	0.2045
22.51	0.2045
22.52	0.2045
22.53	0.2045
22.54	0.2045
22.55	0.2044
22.56	0.2044
22.57	0.2043
22.58	0.2043
22.59	0.2042
22.60	0.2042
22.61	0.2041
22.62	0.2040
22.63	0.2040
22.64	0.2039
22.65	0.2038
22.66	0.2037
22.67	0.2036
22.68	0.2036
22.69	0.2035
22.70	0.2034
22.71	0.2033
22.72	0.2033
22.73	0.2032
22.74	0.2031
22.75	0.2031
22.76	0.2030
22.77	0.2030
22.78	0.2029
22.79	0.2029
22.80	0.2028
22.81	0.2028
22.82	0.2028
22.83	0.2028
22.84	0.2028
22.85	0.2028
22.86	0.2028
22.87	0.2029
22.88	0.2029
22.89	0.2030
22.90	0.2030
22.91	0.2031
22.92	0.2032
22.93	0.2033
22.94	0.2034
22.95	0.2035
22.96	0.2036
22.97	0.2038
22.98	0.2039
22.99	0.2040
23.00	0.2042
23.01	0.2043
23.02	0.2045
23.03	0.2046
23.04	0.2047
23.05	0.2049
23.06	0.2050
23.07	0.2052
23.08	0.2053
23.09	0.2054
23.10	0.2055
23.11	0.2057
23.12	0.2058
23.13	0.2059
23.14	0.2060
23.15	0.2060
23.16	0.2061
23.17	0.2062
23.18	0.2062
23.19	0.2062
23.20	0.2062
23.21	0.2062
23.22	0.2062
23.23	0.2062
23.24	0.2061
23.25	0.2060
23.26	0.2059
23.27	0.2058
23.28	0.2057
23.29	0.2055
23.30	0.2054
23.31	0.2052
23.32	0.2050
23.33	0.2048
23.34	0.2046
23.35	0.2044
23.36	0.2042
23.37	0.2040
23.38	0.2038
23.39	0.2036
23.40	0.2034
23.41	0.2032
23.42	0.2031
23.43	0.2029
23.44	0.2028
23.45	0.2027
23.46	0.2026
23.47	0.2025
23.48	0.2025
23.49	0.2024
23.50	0.2024
23.51	0.2025
23.52	0.2025
23.53	0.2026
23.54	0.2027
23.55	0.2029
23.56	0.2030
23.57	0.2031
23.58	0.2033
23.59	0.2035
23.60	0.2037
23.61	0.2039
23.62	0.2040
23.63	0.2042
23.64	0.2044
23.65	0.2046
23.66	0.2048
23.67	0.2050
23.68	0.2052
23.69	0.2053
23.70	0.2055
23.71	0.2056
23.72	0.2058
23.73	0.2059
23.74	0.2060
23.75	0.2061
23.76	0.2061
23.77	0.2062
23.78	0.2062
23.79	0.2062
23.80	0.2061
23.81	0.2061
23.82	0.2060
23.83	0.2059
23.84	0.2058
23.85	0.2056
23.86	0.2055
23.87	0.2053
23.88	0.2052
23.89	0.2050
23.90	0.2048
23.91	0.2046
23.92	0.2044
23.93	0.2042
23.94	0.2040
23.95	0.2038
23.96	0.2036
23.97	0.2035
23.98	0.2033
23.99	0.2031
24.00	0.2029
24.01	0.2028
24.02	0.2026
24.03	0.2025
24.04	0.2024
24.05	0.2023
24.06	0.2022
24.07	0.2022
24.08	0.2021
24.09	0.2021
24.10	0.2021
24.11	0.2021
24.12	0.2021
24.13	0.2021
24.14	0.2021
24.15	0.2022
24.16	0.2022
24.17	0.2023
24.18	0.2024
24.19	0.2025
24.20	0.2025
24.21	0.2026
24.22	0.2027
24.23	0.2028
24.24	0.2029
24.25	0.2030
24.26	0.2031
24.27	0.2032
24.28	0.2033
24.29	0.2034
24.30	0.2034
24.31	0.2035
24.32	0.2036
24.33	0.2037
24.34	0.2037
24.35	0.2038
24.36	0.2038
24.37	0.2039
24.38	0.2040
24.39	0.2040
24.40	0.2040
24.41	0.2041
24.42	0.2041
24.43	0.2041
24.44	0.2042
24.45	0.2042
24.46	0.2042
24.47	0.2042
24.48	0.2042
24.49	0.2043
24.50	0.2043
24.51	0.2043
24.52	0.2043
24.53	0.2043
24.54	0.2043
24.55	0.2043
24.56	0.2043
24.57	0.2042
24.58	0.2042
24.59	0.2042
24.60	0.2042
24.61	0.2042
24.62	0.2042
24.63	0.2041
24.64	0.2041
24.65	0.2041
24.66	0.2041
24.67	0.2040
24.68	0.2040
24.69	0.2040
24.70	0.2039
24.71	0.2039
24.72	0.2039
24.73	0.2038
24.74	0.2038
24.75	0.2037
24.76	0.2037
24.77	0.2036
24.78	0.2036
24.79	0.2035
24.80	0.2035
24.81	0.2034
24.82	0.2034
24.83	0.2033
24.84	0.2033
24.85	0.2032
24.86	0.2031
24.87	0.2031
24.88	0.2030
24.89	0.2030
24.90	0.2029
24.91	0.2029
24.92	0.2028
24.93	0.2028
24.94	0.2028
24.95	0.2028
24.96	0.2028
24.97	0.2029
24.98	0.2030
24.99	0.2032
25.00	0.2034
